 0 1
 0.98313845 0.01686155
 0.9962636  0.0037364 
 0.9874906  0.0125094 
 0.54266847 0.45733153
 0.98313845 0.01686155
 0.9962636  0.0037364 
 0.98606004 0.01393996
 0.99537895 0.00462105
 0.9962636  0.0037364 
 0.99332676 0.00667324
 0.99200402 0.00799598
 0.99332676 0.00667324
 0.98433406 0.01566594
 0.92893693 0.07106307
 0.63612614 0.36387386
 0.9420144  0.0579856 
 0.0219468  0.9780532 
 0.98313845 0.01686155
 0.9962636  0.0037364 
 0.97438241 0.02561759
 0.99200402 0.00799598
 0.96497732 0.03502268
 0.99200402 0.00799598
 0.98997066 0.01002934
 0.87886115 0.12113885
 0.96497732 0.03502268
 0.99626428 0.00373572
 0.98313845 0.01686155
 0.85759716 0.14240284
 0.60939184 0.39060816
 0.9962636  0.0037364 
 0.99200402 0.00799598
 0.93212213 0.06787787
 0.971302   0.028698  
 0.98313845 0.01686155
 0.26693858 0.73306142
 0.98966006 0.01033994
 0.98313845 0.01686155
 0.97438241 0.02561759
 0.98606004 0.01393996
 0.96497732 0.03502268
 0.83374706 0.16625294
 0.99200402 0.00799598
 0.971302   0.028698  
 0.97798956 0.02201044
 0.98606004 0.01393996
 0.9962636  0.0037364 
 0.98606004 0.01393996
 0.98997066 0.01002934
 0.99332676 0.00667324
 0.9962636  0.0037364 
 0.95811637 0.04188363
 0.98313845 0.01686155
 0.98606004 0.01393996
 0.98313845 0.01686155
 0.97854822 0.02145178
 0.92893693 0.07106307
 0.9962636  0.0037364 
 0.95811637 0.04188363
 0.87020298 0.12979702
 0.99200402 0.00799598
 0.85759716 0.14240284
 0.9962636  0.0037364 
 0.96497732 0.03502268
 0.99200402 0.00799598
 0.93216911 0.06783089
 0.44469036 0.55530964
 0.30841332 0.69158668
 0.99200402 0.00799598
 0.9962636  0.0037364 
 0.971302   0.028698  
 0.07859664 0.92140336
 0.96337542 0.03662458
 0.99332676 0.00667324
 0.01993937 0.98006063
 0.99200402 0.00799598
 0.62832703 0.37167297
 0.97438241 0.02561759
 0.03767099 0.96232901
 0.97902611 0.02097389
 0.70210883 0.29789117
 0.99200402 0.00799598
 0.99332676 0.00667324
 0.99200402 0.00799598
 0.9962636  0.0037364 
 0.99200402 0.00799598
 0.98313845 0.01686155
 0.99537895 0.00462105
 0.9962636  0.0037364 
 0.93216911 0.06783089
 0.80630943 0.19369057
 0.98313845 0.01686155
 0.97854822 0.02145178
 0.9962636  0.0037364 
 0.93216911 0.06783089
 0.93216911 0.06783089
 0.98313845 0.01686155
 0.9420144  0.0579856 
 0.98997066 0.01002934
 0.99332676 0.00667324
 0.96497732 0.03502268
 0.97159538 0.02840462
 0.96497732 0.03502268
 0.98606004 0.01393996
 0.99332676 0.00667324
 0.99200402 0.00799598
 0.99200402 0.00799598
 0.9962636  0.0037364 
 0.9962636  0.0037364 
 0.53363163 0.46636837
 0.98606004 0.01393996
 0.92893693 0.07106307
 0.99537895 0.00462105
 0.9962636  0.0037364 
 0.9420144  0.0579856 
 0.98606004 0.01393996
 0.96497732 0.03502268
 0.96497732 0.03502268
 0.971302   0.028698  
 0.971302   0.028698  
 0.9962636  0.0037364 
 0.75598689 0.24401311
 0.96497732 0.03502268
 0.98313845 0.01686155
 0.99332676 0.00667324
 0.28294301 0.71705699
 0.90491695 0.09508305
 0.9962636  0.0037364 
 0.67134806 0.32865194
 0.93216911 0.06783089
 0.98043786 0.01956214
 0.98313845 0.01686155
 0.92893693 0.07106307
 0.99332676 0.00667324
 0.9962636  0.0037364 
 0.91270727 0.08729273
 0.99339135 0.00660865
 0.96497732 0.03502268
 0.98606004 0.01393996
 0.99200402 0.00799598
 0.69587008 0.30412992
 0.92242156 0.07757844
 0.99332676 0.00667324
 0.99200402 0.00799598
 0.9962636  0.0037364 
 0.971302   0.028698  
 0.98966006 0.01033994
 0.9962636  0.0037364 
 0.87505628 0.12494372
 0.96337542 0.03662458
 0.9962636  0.0037364 
 0.99200402 0.00799598
 0.9962636  0.0037364 
 0.9420144  0.0579856 
 0.9962636  0.0037364 
 0.98313845 0.01686155
 0.98966006 0.01033994
 0.06104858 0.93895142
 0.00453296 0.99546704
 0.00344021 0.99655979
 0.00398113 0.99601887
 0.00344021 0.99655979
 0.00344021 0.99655979
 0.01322259 0.98677741
 0.70737901 0.29262099
 0.00935203 0.99064797
 0.00344021 0.99655979
 0.63612614 0.36387386
 0.75378134 0.24621866
 0.97854822 0.02145178
 0.13336659 0.86663341
 0.01896091 0.98103909
 0.00935203 0.99064797
 0.01121611 0.98878389
 0.04208278 0.95791722
 0.13568967 0.86431033
 0.00344021 0.99655979
 0.00703926 0.99296074
 0.00703926 0.99296074
 0.00453296 0.99546704
 0.00453296 0.99546704
 0.00453296 0.99546704
 0.00344021 0.99655979
 0.00344021 0.99655979
 0.03767099 0.96232901
 0.00453296 0.99546704
 0.00344021 0.99655979
 0.15137987 0.84862013
 0.03384048 0.96615952
 0.00344021 0.99655979
 0.05401701 0.94598299
 0.00344021 0.99655979
 0.45697254 0.54302746
 0.00935203 0.99064797
 0.00827314 0.99172686
 0.00935203 0.99064797
 0.01896091 0.98103909
 0.02623766 0.97376234
 0.15137987 0.84862013
 0.00344021 0.99655979
 0.05401701 0.94598299
 0.82854965 0.17145035
 0.45697254 0.54302746
 0.00453296 0.99546704
 0.03105313 0.96894687
 0.0219468  0.9780532 
 0.01896091 0.98103909
 0.01896091 0.98103909
 0.05578365 0.94421635
 0.03767099 0.96232901
 0.00935203 0.99064797
 0.00453944 0.99546056
 0.00935203 0.99064797
 0.01896091 0.98103909
 0.10491747 0.89508253
 0.86267676 0.13732324
 0.00344021 0.99655979
 0.00703926 0.99296074
 0.01896091 0.98103909
 0.00344021 0.99655979
 0.00935203 0.99064797
 0.09173734 0.90826266
 0.04710476 0.95289524
 0.00344021 0.99655979
 0.00453296 0.99546704
 0.00344021 0.99655979
 0.00453296 0.99546704
 0.13568967 0.86431033
 0.10112158 0.89887842
 0.05104113 0.94895887
 0.00344021 0.99655979
 0.00827314 0.99172686
 0.13568967 0.86431033
 0.00344021 0.99655979
 0.34203223 0.65796777
 0.00344021 0.99655979
 0.00344021 0.99655979
 0.00935203 0.99064797
 0.01466137 0.98533863
 0.15170623 0.84829377
 0.90177317 0.09822683
 0.01322259 0.98677741
 0.38064765 0.61935235
 0.00827314 0.99172686
 0.00453296 0.99546704
 0.07286943 0.92713057
 0.00344021 0.99655979
 0.2380025  0.7619975 
 0.24080085 0.75919915
 0.2244259  0.7755741 
 0.97365425 0.02634575
 0.02797571 0.97202429
 0.07286943 0.92713057
 0.00344021 0.99655979
 0.01896091 0.98103909
 0.02923446 0.97076554
 0.45697254 0.54302746
 0.7539953  0.2460047 
 0.70848767 0.29151233
 0.00935203 0.99064797
 0.30925291 0.69074709
 0.07859664 0.92140336
 0.01416274 0.98583726
 0.0219468  0.9780532 
 0.00703926 0.99296074
 0.10491747 0.89508253
 0.05401701 0.94598299
 0.02923446 0.97076554
 0.02797571 0.97202429
 0.14150109 0.85849891
 0.07286943 0.92713057
 0.05626115 0.94373885
 0.01896091 0.98103909
 0.07286943 0.92713057
 0.9962636  0.0037364 
 0.2677255  0.7322745 
 0.35797932 0.64202068
 0.9368781  0.0631219 
 0.81311374 0.18688626
 0.03384048 0.96615952
 0.99332676 0.00667324
 0.02797571 0.97202429
 0.01416274 0.98583726
 0.03767099 0.96232901
 0.05626115 0.94373885
 0.02797571 0.97202429
 0.00703926 0.99296074
 0.00703926 0.99296074
 0.00453296 0.99546704
 0.00344021 0.99655979
 0.00935203 0.99064797
 0.00703926 0.99296074
 0.00344021 0.99655979
 0.02918736 0.97081264
 0.00344021 0.99655979
 0.50948995 0.49051005
 0.00344021 0.99655979
 0.2677255  0.7322745 
 0.00344021 0.99655979
 0.70737901 0.29262099
 0.10112158 0.89887842
 0.00344021 0.99655979
 0.00344021 0.99655979
 0.00935203 0.99064797
 0.00344021 0.99655979
 0.00344021 0.99655979
 0.00344021 0.99655979
 0.00344021 0.99655979
 0.2380025  0.7619975 
 0.00453296 0.99546704
 0.00453296 0.99546704
 0.60057879 0.39942121
 0.2380025  0.7619975 
 0.01416274 0.98583726