>
-0.270241	-0.150134	1.33119	1.37122	0.930829	-0.190169	-0.510455	-1.7916	0.850758	-1.87167	-0.990882	-0.230205	0.410365	0.970864	0.0900802	0.330294	-0.270241	1.13101	0.730651	-1.87167	
>
-0.48135	-0.493772	-1.16456	-0.667679	0.0900591	-1.23909	-0.655257	-1.15214	-0.48135	1.51858	0.661468	0.189435	0.2267	1.27014	1.18319	-1.17698	-1.17698	2.05273	1.09624	0.400608	
>
0.246186	-0.891845	-0.857007	-1.06603	1.07068	-0.287992	-0.996358	-0.55508	-0.764107	0.559725	2.62676	-1.05442	1.97646	1.15197	-0.241541	0.00232251	-0.148641	-0.229929	-0.671206	0.130061	
>
0.657435	-0.696466	-0.916018	-1.07458	0.254924	-0.623282	-0.964807	-0.489112	-0.891623	0.791605	2.32847	-1.06239	2.36506	1.23071	-0.31835	-0.257363	-0.13539	0.0719641	-0.415928	0.145148	
>
1.63359	-0.160742	-0.796235	-0.459798	-1.88031	-0.459798	0.624278	-0.796235	0.138313	0.624278	1.63359	0.138313	1.63359	0.138313	-1.88031	-0.796235	-0.459798	0.624278	-0.459798	0.960716	
>
0.156645	-0.169699	-1.27927	-0.626582	-0.626582	-0.169699	-1.27927	-0.626582	0.548259	1.52729	0.548259	-1.27927	1.52729	1.52729	-1.27927	-1.27927	0.548259	0.156645	0.548259	1.52729	
>
-1.69619	0.56861	1.19505	1.19505	0.56861	-0.395136	-0.925196	1.19505	0.134924	-1.69619	-0.925196	0.134924	-0.395136	-0.925196	1.19505	0.56861	0.134924	1.19505	0.56861	-1.69619	
>
-0.863153	1.26381	0.447652	1.04122	-0.99918	0.818635	0.868099	1.44931	-1.2836	0.435286	-0.764224	0.484751	-1.62985	-1.39489	1.01649	0.99176	0.212697	-1.50619	-0.0840894	-0.504536	
>
-1.42948	0.939707	-0.460838	-0.766945	-0.771139	0.126217	-0.0834457	-2.11298	0.218468	0.641987	0.641987	0.771977	0.461677	1.14098	-0.548896	-1.33303	-0.649534	2.04253	1.23743	-0.0666727	
>
-0.0779833	-0.911097	-0.949847	-0.988596	1.3945	-0.94016	-1.25984	-0.358917	0.251387	1.22981	1.17169	-1.5989	0.968253	1.59793	-0.426729	-0.911097	-0.601101	1.17169	0.280449	0.958566	
>
0.372145	-0.7349	-0.774437	-0.962239	0.826824	-1.21923	-1.43669	-0.14184	0.401798	0.925667	1.00474	-1.92102	1.13324	1.40011	-0.418601	-0.655825	-0.596519	1.54838	0.15469	1.0937	
>
0.585152	-0.74919	-1.00627	-0.663499	-1.43472	-0.345215	-1.17765	-0.45539	-0.565565	0.49946	2.13984	-0.761432	0.377043	2.04191	0.315835	-0.810399	-0.210557	1.6869	0.413769	0.119968	
>
0.181748	0.089557	-0.700652	-0.700652	-2.21522	-0.094825	-1.31965	-0.634801	-0.0684848	1.11683	1.64363	-0.661141	0.208088	1.60412	0.40564	-0.792843	-0.187016	2.0124	0.168578	-0.0553146	
>
0.75574	0.843873	1.06421	0.75574	0.480325	1.15234	0.645574	0.976073	0.843873	-1.51368	-1.73402	0.590491	-0.643371	-1.5908	-0.103556	0.546425	0.403208	-1.23827	-1.49165	-0.74252	
>
-0.0134604	0.460858	-1.2313	-1.71844	-0.872361	-0.551876	-0.769806	-1.28258	-0.590334	1.49923	1.92227	0.960815	0.217289	0.819801	0.486497	-1.25694	-0.474959	0.653149	0.653149	1.08901	
>
0.175504	0.189211	0.448547	0.263777	0.210046	0.264325	0.240749	0.25336	0.266518	0.145897	0.270904	0.26268	0.268163	0.16399	-4.34725	0.247328	0.168376	0.0905208	0.139318	0.278032	
>
-0.535622	-0.305615	1.45124	1.50018	1.11357	-0.418172	-0.799885	-2.38057	0.839524	-1.14734	-0.359446	-0.491578	0.266954	1.00102	0.0614166	0.193548	-0.550303	1.19187	0.712286	-1.34309	
>
0.214712	0.368078	0.598127	0.40642	0.67481	0.0230049	0.40642	-0.130361	0.789835	0.40642	0.214712	0.214712	-2.27748	1.32662	-2.27748	0.214712	0.368078	-2.27748	0.329737	0.40642	
>
1.37415	-0.54606	-1.13755	-0.323178	-1.07755	0.79123	1.81991	-1.76334	0.636927	0.379756	0.808375	0.654072	0.782658	-0.0660073	-1.00897	-1.07755	-0.460336	1.16841	-1.41187	0.456908	
>
-0.601829	0.262935	-1.2913	-0.800491	2.26124	-0.146075	-0.905665	-0.321365	-1.6302	0.835549	0.707003	-0.870607	0.414853	-0.251249	0.005843	0.169447	0.566771	-1.26793	1.0459	1.81717	
>
-0.648446	0.117247	0.500093	0.500093	-0.169888	0.117247	0.117247	-3.13695	0.212958	1.74434	1.55292	0.117247	0.595805	0.212958	-1.41414	-0.60059	-0.744158	0.212958	0.212958	0.500093	
>
-1.36409	1.21165	-0.438927	-0.743811	-0.502007	0.0446812	-0.260202	-1.8477	0.570343	0.107761	0.107761	0.454697	0.475723	1.20114	-0.470467	-1.19588	-0.712271	2.45221	1.28524	-0.375848	
>
-0.675478	-1.07739	-0.452059	0.798601	2.29818	-0.00825679	0.622538	-0.770795	-0.452059	0.0281702	0.197556	-0.452059	-0.0537905	0.191485	-1.812	-0.770188	-0.452059	0.519328	2.52888	-0.208605	
>
-0.967039	0.206145	1.24525	0.708939	0.6419	-0.430726	-0.531285	1.74804	0.239665	-1.13464	-1.03408	-0.0284916	-1.36927	-0.967039	2.04972	1.14469	0.273184	-0.799441	0.239665	-1.2352	
>
-1.08145	0.295613	1.23452	-0.136853	0.0623092	-1.00747	-1.80412	0.181806	0.375278	0.898788	-0.705886	-0.227898	-1.87809	-0.324634	-0.409989	0.870337	0.534607	0.489084	0.124903	2.50915	
>
-1.82574	0	0	0	0	0	0	-1.82574	0	1.82574	0	0	0	0	-1.82574	0	1.82574	0	0	1.82574	
>
-1.25724	0.538816	0.538816	0.538816	-1.25724	0.538816	0.538816	-1.25724	0.538816	0.538816	2.33487	0.538816	0.538816	0.538816	-1.25724	-1.25724	-1.25724	0.538816	0.538816	-1.25724	
>
-0.886844	0.980196	-0.886844	-0.886844	-0.886844	0.980196	0.980196	-0.886844	0.980196	-0.886844	-0.886844	0.980196	0.980196	0.980196	-0.886844	-0.886844	-0.886844	1.91372	0.980196	-0.886844	
>
-1.44976	1.63484	-0.215922	-0.215922	-0.832842	0.400998	0.400998	-1.44976	0.400998	-0.215922	-0.215922	1.01792	0.400998	1.01792	-1.44976	-0.832842	-0.832842	1.63484	1.63484	-0.832842	
>
-0.5	-0.5	2	2	-0.5	-0.5	2	2	-0.5	-0.5	-0.5	-0.5	-0.5	-0.5	-0.5	-0.5	-0.5	-0.5	-0.5	-0.5	
>
-1	1	1	-1	1	1	-1	-1	1	-1	-1	1	1	1	-1	-1	-1	1	1	-1	
>
-1.45794	1.21286	-0.401708	-0.660328	-0.824685	0.224299	0.0792781	-2.06461	0.374154	0.410409	0.388656	0.470834	0.458749	1.2467	-0.544311	-1.27425	-0.718336	2.07331	1.25153	-0.244602	
>
-1.29733	1.28559	-0.240681	-0.475493	-0.827709	0.228941	0.463752	-2.23658	0.581158	0.111535	-0.00587028	0.698563	0.346346	0.933374	-0.592898	-1.29733	-0.710304	1.99002	1.403	-0.358087	
>
-0.830205	2.03257	0.843418	0.270863	-1.09446	1.19576	0.22682	-0.918291	-0.0374363	-1.1385	-0.918291	2.34087	-0.565949	-0.874248	0.270863	0.00660641	0.138735	-0.521906	0.71129	-1.1385	
>
0.626589	-1.54012	-0.895963	-0.720284	1.03651	-1.18876	-0.544605	0.509469	-0.603165	1.9149	1.03651	-1.423	0.743708	1.32931	-0.544605	-0.310366	-0.251807	-0.0175679	-0.720284	1.56354	
>
1.50371	-1.20568	-0.79927	-0.663801	1.77465	-1.07021	-0.79927	1.23277	-0.93474	1.36824	0.961834	-1.20568	0.284486	0.690895	-0.663801	-0.121923	-0.121923	-0.663801	-0.79927	1.23277	
>
-0.926706	-0.116013	1.58924	1.30969	0.554905	-0.0321482	-0.703066	1.58924	-0.116013	-1.45785	-1.12239	0.0517166	-1.09444	-1.09444	1.47742	1.22582	-0.088058	-0.088058	0.415131	-1.37398	
>
1.53301	-0.0730005	-1.20451	0.0365002	-1.09501	0.401503	1.86151	-1.56951	0	0.292002	0.766505	0.584004	1.64251	0.474503	-1.56951	-0.839506	-0.620504	0.292002	-1.13151	0.219001	
>
-0.552985	-0.274403	-0.385836	-1.36087	0.44991	0.199186	-1.83446	-0.775851	-0.441553	1.5921	0.75635	-0.803709	0.0598951	0.979216	-1.33302	-0.775851	0.44991	0.951358	1.22994	1.87068	
>
-0.703066	0.0517166	1.30969	1.47742	-0.088058	-0.088058	-0.116013	1.58924	-0.116013	-1.45785	-1.37398	0.554905	-1.09444	-0.926706	1.58924	1.22582	-0.0321482	-1.09444	0.415131	-1.12239	
>
0.510122	-1.0357	-0.362814	1.83771	-0.635607	0.382819	2.60153	-0.453745	-0.508304	-0.617421	-0.781097	-0.635607	-0.544676	-0.726538	1.81953	-0.490118	0.128213	0.837474	-0.599235	-0.726538	
>
0.431154	0.54199	-0.921051	-0.876717	0.231648	0.475489	0.519823	-1.2979	1.69469	-0.0565266	0.275983	1.82769	1.25134	0.209481	-2.22892	-0.100861	-0.566374	-1.34223	-0.610709	0.54199	
>
-0.862028	-2.10087	1.61566	0.101516	-1.03409	-0.689967	0.30799	1.58125	0.927411	-0.58673	-0.345844	0.204753	-0.414668	-0.0705452	0.514464	2.06302	0.480052	-1.13733	0.135929	-0.689967	
>
-1.02686	0.552924	1.43058	0.157978	-0.105319	-0.631913	-0.873269	1.43058	1.91329	-0.258909	-0.324733	1.10146	-1.02686	0.114095	1.29893	-0.12726	-0.28085	-1.81675	-0.061436	-1.46569	
>
-0.387535	-0.299459	-0.827917	-1.44445	-0.365516	1.35197	-1.51051	-0.893974	-1.09215	1.99052	0.581303	-0.0792686	0.867551	1.02168	-0.827917	-0.893974	0.295055	0.999665	0.0748648	1.44005	
>
-0.678186	-0.297895	0.48804	-0.424658	0.234513	-0.931713	-1.18524	-0.703538	-0.297895	0.842979	0.640157	-0.703538	-0.171131	1.22327	-1.56553	-0.576775	-0.678186	0.437335	2.3895	1.9585	
>
-0.712065	-0.204272	2.03464	0.949805	0.834397	0.257359	-0.135027	1.11138	-0.458168	-0.896718	-1.19678	0.257359	-1.05829	-1.56608	1.38835	0.995968	0.257359	-1.15061	0.580501	-1.2891	
>
-0.648206	0.15718	0.365022	0.858645	-1.19379	-0.570265	-0.362424	1.79393	-0.0766415	-1.19379	-1.03791	-0.440364	-0.362424	-1.42761	1.81991	1.30031	0.442962	1.56011	0.0532594	-1.03791	
>
-0.813547	-0.530081	2.04946	1.65261	1.7093	-0.416695	-0.926933	0.37701	1.45418	-1.29544	-0.785201	-0.95528	-0.586774	-0.841894	0.37701	0.887248	-0.0765358	-0.331655	-0.189922	-0.756854	
>
-0.142317	0.36295	-0.0244212	0.430318	-0.529687	0.228212	-0.411792	0.00926321	-0.630741	-0.849689	-1.00127	0.514529	-0.0412634	-0.731794	3.64718	0.918742	0.396634	-1.20338	-0.327581	-0.613898	
>
-0.869463	0.304495	1.99206	1.77194	0.634671	-0.832777	-0.0990527	1.97372	0.194437	-1.27301	-0.85112	-0.190768	-1.25467	-0.31917	-0.887806	0.781416	-0.31917	-0.337513	0.579642	-0.997865	
>
-0.907263	-0.0768867	0.107641	-0.199905	1.24556	0.322924	-0.722735	1.98368	-1.03028	-0.968772	-0.538207	0.23066	-0.999527	-0.69198	-0.599716	0.568962	-0.261415	2.445	1.1533	-1.06104	
>
-0.674866	0.181775	1.24735	1.35182	-0.0898428	-0.256992	-0.340567	1.39361	-0.403248	-1.40614	-1.25989	0.348924	-0.946484	-0.716653	2.25025	1.16378	0.0355193	-1.00916	0.244456	-1.11363	
>
-0.626624	-0.416583	-0.376575	-1.69684	0.613622	-1.16673	-0.976694	-1.17673	0.893678	0.583616	1.11372	-0.536607	1.19374	1.30376	-0.296559	-1.15673	-0.876674	1.20374	1.31376	1.08372	
>
-0.367537	-0.377551	-0.988444	-0.998458	0.473692	-0.688005	-1.59934	-1.12865	0.143209	1.10461	0.954394	-0.377551	0.984438	1.24482	-0.297434	-1.21878	-0.878283	1.96587	1.24482	0.804175	
>
0.223554	-0.65666	-1.03675	-1.2268	0.563637	-1.18679	-0.966736	-0.956733	0.0235057	2.034	1.04375	-0.69667	1.07376	0.873713	-0.196548	-0.736679	-1.33683	1.17379	0.913723	1.07376	
>
0.0920882	-0.778746	-0.978937	-1.12908	1.16311	-1.27922	-1.26922	-0.648621	-0.328314	1.9839	0.882845	-0.698669	0.5225	1.21316	-0.288276	-0.90887	-0.698669	1.43337	0.582558	1.13308	
>
-0.120061	-0.562127	-0.913771	-1.18504	0.633461	-1.24532	-1.28551	-0.943911	0.121066	1.67834	1.0052	-0.55208	0.86454	1.21618	-0.230578	-1.11471	-0.913771	1.57787	0.975057	0.995151	
>
0.282797	-0.282797	-1.30087	-1.41399	-1.30087	-0.622154	-0.735273	-0.961511	-0.622154	1.97958	1.97958	1.07463	0.282797	0.509035	0.395916	-0.509035	-0.282797	0.169678	-0.169678	1.52711	
>
0.882882	-0.758275	-0.971018	-0.211223	-0.33279	1.15641	1.88581	-1.3965	1.36915	-0.150439	0.761315	-0.0288722	1.09562	0.335829	-1.67003	-0.636708	-0.302398	0.882882	-1.67003	-0.241615	
>
0.0401505	-0.592525	-0.568191	-0.22752	0.0158169	-0.276187	-1.49287	-1.03053	-1.5172	1.86517	1.32983	0.478156	1.0135	0.672826	-1.5172	-0.811527	0.405155	-0.349188	1.03783	1.5245	
>
-1.35471	-0.731478	1.33503	0.744599	0.908607	-0.305056	-1.2235	1.20382	-0.206651	-1.1251	-1.02669	0.285375	-1.1251	0.121366	1.49904	0.810202	0.121366	0.711797	1.10542	-1.74833	
>
-1.41503	1.35954	-0.0277457	-1.41503	-1.13757	0.527168	-0.0277457	-2.52486	0.527168	0.249711	0.249711	1.08208	0.527168	0.804625	0.249711	-1.13757	-0.0277457	1.08208	1.08208	-0.0277457	
>
1.73476	-0.045715	-0.334441	0.243011	-1.00814	-0.526925	0.483616	1.63852	-1.44122	-0.238199	1.15731	0.772342	-1.58559	-0.671288	0.0986481	0.964826	0.531737	-1.77807	-0.76753	0.772342	
>
0.825411	-0.260656	1.88045	1.01159	-1.65703	0.608197	0.887472	-0.757144	-0.229625	0.701289	-1.03642	-0.53993	0.639228	-1.00539	-0.53993	1.44602	0.732319	-1.71909	-1.00539	0.0186183	
>
1.09306	-0.700964	-0.848925	-1.36679	1.53694	-1.07087	-1.44077	0.11282	0.0573348	0.556702	0.760149	-1.51475	1.77738	0.834129	-1.29281	-0.0166456	0.260781	-0.109121	0.242286	1.13005	
>
0.725095	-1.2443	-0.77433	-1.49047	1.486	-1.22192	-1.57999	0.322265	0.143229	1.12793	0.94889	-1.3562	1.30696	1.17269	-0.886228	0.0984697	0.165608	0.277506	-0.102946	0.881752	
>
0.638858	-2.59974	-0.795148	-0.924048	0.300497	-0.87571	-0.762923	0.493846	-0.40845	1.41225	1.09001	-1.53632	0.65497	1.21891	0.12326	-0.182876	-0.0539766	0.832207	0.268272	1.10612	
>
0.0483871	-2.131	-0.950826	-1.42289	-0.17978	-0.651849	-1.07671	-0.478757	0.0247836	1.01613	1.01613	-0.927222	1.40952	1.33084	0.465381	-0.470889	-0.0696302	1.56688	0.780094	0.701416	
>
-0.810663	3.63742	-0.232412	0.0344726	-0.735045	0.0344726	0.523761	-0.810663	-0.370303	-0.276893	-0.365855	1.72474	0.0344726	-0.321374	-0.730597	-0.485953	-0.143451	-0.0989698	-0.0100082	-0.597155	
>
0.108521	-1.10996	-0.983034	-1.13534	1.07315	-1.16073	-1.02111	0.108521	-0.843416	1.36508	1.23815	-1.14804	1.30162	1.27623	0.387756	-0.741876	0.222753	0.958918	-1.07188	1.17469	
>
-1.58924	1.23982	-0.158921	-0.126346	-0.523564	0.307437	0.340013	-2.05527	0.606931	-0.190499	-0.190499	0.308767	0.409152	0.940329	-0.72367	-1.0574	-0.591042	2.23835	1.47217	-0.656525	
>
0.807403	-0.581424	-0.628503	0.171838	-1.99379	-1.82902	-0.32249	0.642627	0.336614	0.50139	1.74898	-0.910977	0.477851	0.50139	-0.958056	-0.816819	-0.228333	0.454311	1.91376	0.713245	
>
0.521415	0.972765	0.209266	0.658508	-0.250521	0.711235	0.951674	0.445487	-1.17853	0.968547	-0.018518	1.06135	0.0236643	-1.0098	-3.19063	0.12912	-0.735617	-0.976056	0.0236643	0.682973	
>
0.733407	-0.810607	-1.2297	0.534891	-2.22228	-0.501804	0.689292	0.931923	-0.413575	0.711349	0.534891	-0.391518	-0.325346	-0.391518	2.82885	-0.325346	-0.567977	0.181973	-0.545919	0.579005	
>
1.03736	-1.74319	-0.673749	-1.42236	-1.20847	0.128333	-0.245972	1.09083	-1.74319	1.1443	1.1443	0.074861	0.716526	0.074861	-1.04805	0.235277	-0.299444	1.51861	0.288749	0.930415	
>
-0.171332	-1.4862	-1.0778	-1.24714	1.05389	-0.699273	-1.11764	-0.480127	-0.350632	1.31288	1.21327	-1.46628	0.745094	1.30292	0.237075	-0.519972	-0.221137	1.76113	0.476143	0.735133	
>
-1.04389	0.0687532	-0.708001	-0.708001	-0.529557	-0.749987	-0.749987	-2.38747	0.751037	2.01064	0.33117	-0.403597	0.0792499	0.698554	0.415143	-1.0124	0.793024	0.981964	0.698554	1.46481	
>
-0.467535	0.188655	-0.262476	-0.221464	0.065619	0.270678	0.31169	-2.64116	-0.0164047	1.29597	1.13193	0.557761	0.516749	0.270678	-2.64116	-0.385511	-0.0574166	0.803832	0.270678	1.00889	
>
-1.46179	1.25326	-0.42975	-0.519723	-0.70496	0.0994988	0.00952648	-1.99103	0.475266	0.125961	0.125961	0.533483	0.353538	1.12624	-0.551477	-1.14424	-0.614987	2.2853	1.43321	-0.403288	
>
-1.51282	1.98075	-0.305952	-0.193029	-0.383587	0.773879	0.675071	-2.0845	0.1528	-0.0659897	-0.0659897	1.32438	0.950322	-0.277721	-0.637665	-0.736473	-0.637665	1.88194	-0.200086	-0.637665	
>
-0.130649	-0.130649	-0.130649	-0.130649	-0.130649	-0.130649	-0.130649	-3.15009	-0.130649	2.07587	-0.130649	-0.130649	-0.130649	-0.130649	-0.130649	-0.130649	1.08874	-0.130649	-0.130649	2.07587	
>
-1.46226	1.45254	0.154762	-0.254698	-0.511477	-0.428198	-0.580877	-2.18402	1.05002	-0.455958	0.210282	0.501761	0.453182	1.29986	0.113122	-1.00422	-0.678037	1.21658	1.78566	-0.678037	
>
-1.12248	-0.169312	-0.946896	-0.645896	0.658437	-0.294729	-0.0940625	-2.95356	-0.395062	1.08485	-0.420146	-0.219479	-0.344896	0.533021	1.51127	0.332354	1.23535	0.357437	0.533021	1.36077	
>
-1.09897	0	0.439587	2.41773	1.75835	0.219793	0.65938	-0.879174	0.879174	-1.09897	-1.09897	-0.879174	0	-0.219793	-0.879174	1.53855	0	-0.879174	-0.219793	-0.65938	
>
-0.838548	3.10756	1.13451	0.147979	-0.838548	1.13451	0.147979	-0.838548	0.147979	-0.838548	-0.838548	1.13451	-0.838548	-0.838548	-0.838548	0.147979	0.147979	0.147979	0.147979	-0.838548	
>
-0.865161	1.21122	1.21122	1.90335	-0.865161	1.21122	1.90335	-0.865161	-0.173032	-0.865161	-0.865161	-0.173032	-0.865161	-0.865161	-0.865161	0.519096	0.519096	-0.865161	0.519096	-0.865161	
>
-0.420084	2.38048	-0.420084	-0.420084	-0.420084	-0.420084	-0.420084	-0.420084	2.38048	-0.420084	-0.420084	2.38048	-0.420084	-0.420084	-0.420084	-0.420084	-0.420084	-0.420084	-0.420084	-0.420084	
>
-0.333333	-0.333333	-0.333333	3	-0.333333	-0.333333	3	-0.333333	-0.333333	-0.333333	-0.333333	-0.333333	-0.333333	-0.333333	-0.333333	-0.333333	-0.333333	-0.333333	-0.333333	-0.333333	
>
0.54455	0.142797	-0.433631	1.35679	-0.40743	0.352407	1.17338	-0.320092	-1.13233	0.588219	0.570752	0.116596	0.0991282	0.151531	-3.61272	-0.26769	-0.232755	0.535816	0.142797	0.631888	
>
0.597998	0.427951	-0.705694	-0.705694	-0.138872	-0.138872	0.994773	-2.40616	0.14454	0.427951	1.5616	0.994773	0.994773	0.711362	-1.49925	-1.27252	-1.27252	0.711362	0.711362	-0.138872	
>
-0.312113	-0.8323	0.901659	3.5026	-0.312113	-0.312113	0.901659	-0.312113	-0.312113	-1.0057	-0.312113	-0.8323	-0.312113	-0.312113	-0.312113	0.901659	0.901659	-0.312113	-0.312113	-1.0057	
>
-0.250565	-0.365328	-0.250565	0.0172144	-0.250565	-0.250565	0.0172144	-0.135802	-0.250565	-0.250565	-0.250565	-0.365328	-0.250565	-0.250565	4.33994	-0.250565	-0.250565	-0.250565	-0.250565	-0.250565	
>
0.482528	2.26967	0.482528	-1.30461	-0.232328	-0.232328	-1.30461	-0.947184	0.482528	-0.947184	-0.232328	2.26967	-0.232328	-0.232328	-0.232328	1.55481	-0.232328	-0.232328	-0.232328	-0.947184	
>
-0.0601385	2.04471	-0.0601385	-0.962216	-0.0601385	-0.0601385	-0.962216	1.44332	-0.0601385	-0.0601385	-0.0601385	2.04471	-0.0601385	-0.0601385	-2.76637	-0.0601385	-0.0601385	-0.0601385	-0.0601385	-0.0601385	
>
-0.392225	-0.537944	-0.416512	-0.448894	-0.392225	-0.335557	-0.351748	-0.481276	-0.448894	0.0449298	0.190648	-0.546039	-0.0198339	1.14591	-0.303175	-0.521753	-0.448894	3.99552	0.40113	-0.13317	
>
0.908834	-0.134975	-0.81885	0.224959	-0.890837	0.116979	1.6287	-1.46673	1.05281	0.0449918	0.98082	1.05281	1.80867	0.332939	-1.46673	-0.92683	-0.962824	0.512906	-1.17878	-0.81885	
>
0.422735	0.136135	-0.0788151	-0.938616	1.78409	-1.01027	0.924286	-1.72677	0.136135	-0.150465	0.422735	0.0644851	1.13924	-0.437065	-1.79842	-0.437065	0.709336	1.78409	-1.36852	0.422735	
>
1.02133	-1.84519	0.278158	1.02133	0.78776	0.129524	1.27613	-1.01708	0.299391	0.426792	0.384325	0.278158	0.639126	-1.42052	-1.82395	-0.125277	-1.10202	1.67956	0.0233568	-0.910914	
>
0.566058	-0.163102	-0.393363	0.105536	-0.354986	1.06496	2.29302	-1.69817	-0.047971	0.29742	0.527681	0.873073	1.71736	-0.0863479	-1.39116	-0.892261	-0.738754	0.527681	-1.04577	-1.1609	
>
-0.653746	0.122214	-1.35211	-1.62369	1.01457	0.0446177	-1.70129	-0.265766	-0.770139	1.09216	0.355001	-0.57615	-0.498554	0.548991	-0.808937	0.161012	0.742981	0.548991	1.48014	2.13971	
>
-0.524616	0.558222	-1.49544	-1.2714	-0.33792	0.408865	-2.35424	-0.524616	0.259508	0.6329	1.04363	0.0354723	0.558222	1.26767	-1.4581	-0.33792	0.520882	0.483543	1.37968	1.15565	
>
-0.330381	-0.0157324	-1.07767	-0.999009	0.495572	-0.369712	-2.29694	-0.330381	0.0629297	1.1642	0.928214	-0.527036	-0.133726	1.04621	-1.35299	-0.251719	0.220254	0.613565	0.849551	2.3048	
>
-0.223358	0.0482936	1.98004	1.25563	-0.162991	-0.132808	-0.0422569	1.58765	-0.253542	-1.00813	-1.18923	-0.49501	-1.21941	-0.796845	2.04041	0.742515	0.169028	-0.947763	-0.193175	-1.15905	
>
-0.361495	-0.0860701	0.154926	1.01563	-1.73862	1.01563	-1.05006	1.70419	-0.0860701	-0.275424	-0.361495	-0.120498	-1.06727	0.327066	1.87633	0.499207	-0.705775	-1.73862	1.35991	-0.361495	
>
0.378251	-0.0860281	1.66184	1.22488	0.241698	-0.413754	1.19757	0.924461	-0.304512	-0.796101	-1.20576	-0.0587176	-0.74148	-0.987275	2.20805	0.460182	-0.222581	-0.932654	-1.50617	-1.0419	
>
-0.134512	0.134512	1.31149	0.840698	-0.16814	-0.470791	0.269023	1.61414	-0.0336279	-1.31149	-1.27786	-0.201768	-1.24423	-0.874326	2.35396	0.941582	0.369907	-0.97521	0.0336279	-1.17698	
>
-0.468101	-0.468101	-0.52328	-1.15784	-0.238189	-0.615245	-1.15784	-1.15784	-1.15784	1.55512	1.04932	0.221635	0.0377056	1.27923	1.23325	-1.15784	-0.743995	1.60111	1.46316	0.405565	
>
-1.38147	0.935322	-0.463733	-0.820355	-0.780453	0.124818	-0.0796788	-2.08723	0.222078	0.618602	0.618602	0.795665	0.461488	1.12984	-0.536055	-1.3715	-0.635809	2.07751	1.2296	-0.057234	
>
-0.910366	0.0425131	1.03937	1.11267	3.12105	0.394345	0.438325	0.17445	-0.0601047	-0.910366	-0.910366	-0.426597	-0.910366	-0.910366	-0.338639	1.17131	0.130471	-0.71979	-0.617173	-0.910366	
>
-0.0857999	0.829399	1.24887	1.78273	-1.07727	0.829399	1.5158	0.2574	0.791266	-1.19167	-1.30607	1.13447	-1.001	-1.19167	-0.123933	0.333666	0.104867	-1.1154	-0.810333	-0.924733	
>
-1.26656	0.954846	-0.669407	-0.717179	-0.693293	0.0232889	-0.0244832	-1.93537	0.286036	0.644327	0.644327	0.835415	0.50101	1.14593	-1.23073	-1.24267	-0.549977	2.05361	1.24148	-0.000597152	
>
0.179857	1.87981	0.536753	0.818513	-1.24773	0.978177	0.865473	0.395873	-0.383663	-0.975359	-1.02232	1.40082	-1.40739	-1.90517	0.771553	0.574321	0.151681	-0.393055	-0.111295	-1.10685	
>
-0.631116	0.104714	0.0481119	2.48201	-1.14054	-0.00849034	2.3122	-0.574513	0.387726	-0.74432	-0.74432	1.80278	-0.800922	-0.404706	-0.687718	-0.234899	-0.348104	-0.121695	-0.00849034	-0.687718	
>
-0.151878	1.71329	0.221156	1.71329	-0.418331	0.221156	1.71329	0.114575	-0.151878	-0.844655	-0.844655	1.71329	-0.578202	-1.21769	0.114575	0.274446	-0.0985875	-1.6973	-1.11111	-0.684783	
>
-1.24137	-1.48775	-0.456408	-0.561012	0.615561	0.0380808	-0.150378	-1.7177	1.38842	0.122801	0.384742	1.16884	2.22524	0.427102	-0.644003	-0.966458	-0.724401	1.15327	0.704604	-0.279187	
>
-1.48264	1.83707	-0.52607	-0.618014	0.546315	-0.0911041	-0.236093	-2.02546	1.62135	0.182076	0.262526	1.37558	0.678042	0.301426	-0.746205	-1.06094	-0.985789	1.09179	0.309382	-0.433242	
>
-1.40566	2.73537	-0.217345	-0.505496	0.0464059	0.395116	0.121161	-1.99195	0.551059	0.344096	0.32391	1.83587	-0.333803	-0.287441	-0.83779	-0.968002	-0.263928	0.428389	0.254035	-0.223999	
>
1.36705	0.389617	-1.15799	-0.0719501	-0.370611	0.661127	1.63856	-1.59241	0.00950285	0.118107	0.796882	0.633976	1.72002	0.525372	-2.10827	-1.02223	-0.452064	0.0638048	-0.88648	-0.262007	
>
-0.737652	-0.220001	-1.2553	-1.47099	1.54864	-0.608239	-1.6004	-1.42785	0.125099	1.20354	-0.0905888	-1.12589	0.125099	0.556474	0.556474	0.254511	0.901574	0.599612	1.07412	1.59177	
>
-0.412547	0.285417	1.53178	1.38222	-0.861238	-0.412547	0.0610719	1.95555	-0.28791	-1.35978	-0.93602	0.160781	-1.60906	-0.686747	1.50685	0.609472	0.360199	-0.512256	0.484836	-1.26007	
>
0.252786	0.0313676	0.345044	-0.337663	-0.835855	-0.226954	-0.0608901	0.548011	-0.522178	-0.54063	-0.946564	0.548011	-0.928112	-0.835855	3.70322	0.474204	0.695623	-0.614436	-0.023987	-0.725145	
>
-0.904525	-0.27529	1.87984	1.94276	-0.668562	-0.306752	-0.432599	2.3203	0.416868	-1.26634	-0.542715	-0.149443	-1.10903	-0.0550581	-0.778678	0.495523	-0.117982	-0.479792	0.81014	-0.778678	
>
0.269988	0.203733	-0.425686	0.766898	0.104351	0.269988	0.435625	-2.44645	0.203733	-0.12754	0.965662	0.634389	-1.51889	-0.690705	2.55577	0.634389	-0.0612856	0.0712238	-1.05511	-0.790087	
>
0.439155	2.36129	-0.121468	1.01313	0.572637	-0.294995	2.04094	-0.0814239	-1.3495	-0.655396	0.0520579	-0.294995	-1.3495	-0.77553	-0.855619	-0.188209	0.172192	1.03982	-0.375084	-1.3495	
>
-0.688998	-0.608035	2.04756	0.412103	-0.786154	0.08825	-0.413723	3.45632	-0.00890597	-0.446108	-0.591842	0.136828	-0.348952	-0.462301	-0.429915	0.217791	-0.818539	-0.429915	-0.106062	-0.219411	
>
-0.809219	2.04534	0.568992	0.590327	-1.33405	0.935946	0.914612	-0.950027	0.167903	-1.02256	-0.817753	2.3995	-0.566005	-0.907358	0.202038	-0.203318	-0.0753109	-0.514802	0.359914	-0.984162	
>
0.636249	-1.57262	-0.756297	-0.900353	1.74068	-1.04441	-1.04441	0.684268	-0.180071	1.35653	1.06842	-1.66865	0.684268	0.972381	-0.61224	-0.132052	-0.372146	0.540212	-0.660259	1.26049	
>
-0.850097	1.56548	0.729318	0.775771	-1.31463	1.05449	1.00804	-1.08236	0.0325174	-0.943004	-0.803643	2.40164	-0.61783	-1.08236	0.543505	-0.0603894	-0.0603894	-0.75719	0.357691	-0.89655	
>
0.288866	-1.06058	-0.807559	-0.807559	2.73474	-0.891899	-0.891899	0.373206	-0.470197	1.46963	0.879248	-1.10275	0.457546	0.710567	-0.638878	-0.470197	-0.554538	0.204525	-0.723218	1.30095	
>
0.60452	-1.87183	-0.56082	-0.706488	1.47853	-0.852155	-0.852155	0.60452	0.0218501	1.18719	0.895855	-2.4545	0.750188	0.895855	-0.269485	0.0218501	-0.123817	0.60452	-0.415153	1.04152	
>
-0.478981	-0.496478	-1.16136	-0.662699	0.0896722	-1.2401	-0.653951	-1.15262	-0.478981	1.51568	0.658325	0.194654	0.2209	1.27072	1.18324	-1.17886	-1.17886	2.05809	1.09575	0.39587	
>
0.840742	-3.16443	-0.264134	-0.298662	-1.54165	0.253776	0.322831	0.840742	-0.954682	0.909797	0.909797	0.288304	0.633577	-0.920155	-0.367717	0.391886	0.0120846	0.978851	0.357358	0.771687	
>
1.3409	0.0472673	-0.350773	0.0970224	-1.49514	-0.450284	0.594573	1.19163	-1.34588	0.146778	2.03747	0.445308	-1.29612	-0.500039	0.0472673	0.942859	0.445308	-1.79367	-0.898079	0.793594	
>
0.91213	0.227529	1.07321	0.348341	-1.34303	0.2678	-0.0140947	-1.1014	0.549694	1.03294	-0.940319	-0.215448	0.630236	-1.06113	-0.779237	1.59673	1.19402	-2.10817	-1.1014	0.831589	
>
1.75508	-0.351017	-0.0390018	0.42902	-1.36506	-0.507024	0.195009	1.36506	-1.28706	0.0390018	1.28706	0.819039	-1.52107	-0.585028	-0.42902	1.13105	0.507024	-1.75508	-0.585028	0.897042	
>
1.64032	-0.129999	-0.0423592	-0.0248312	-0.953811	-0.533141	0.13292	1.76886	-1.45628	-0.0598871	1.03269	0.997631	-1.59066	-0.591567	-0.223481	1.1028	0.501007	-1.78347	-0.655837	0.869093	
>
1.38548	-0.0498373	-0.488406	0.109642	-0.767494	0.50834	1.86391	-1.52502	0.388731	0.269121	0.787429	0.827299	1.74431	0.149512	-1.96359	-1.08645	-0.807364	-0.169447	-0.887104	-0.289056	
>
-0.659097	-0.519973	-1.31993	-1.0069	0.593013	-0.0678226	-1.63296	-0.415631	-0.276508	1.67122	0.836479	-0.79822	0.175643	0.697355	-1.35471	-0.276508	0.627794	0.627794	0.801698	2.29727	
>
1.09663	0.322539	-0.99342	-0.296736	-0.838601	0.296736	0.683783	-1.27725	0.270933	0.528964	1.38047	0.632176	2.07715	0.451555	-2.10295	-1.40627	-0.65798	0.374145	-0.735389	0.193523	
>
-0.467842	-0.38278	-1.36099	-1.40352	1.04201	-0.467842	-1.08454	-0.297717	-0.297717	1.9139	1.25467	-0.659231	-0.233921	0.850621	-0.956949	-0.318983	0.829356	-0.38278	0.233921	2.19035	
>
0.0949346	0.0553785	1.09702	-0.0105483	-0.97308	1.72992	0.793759	1.42666	-0.683002	-0.419295	-0.880782	0.780573	-1.14449	-1.36864	0.27953	1.78266	0.516866	-1.43457	-0.959894	-0.683002	
>
-0.521861	0.620798	0.314231	1.47083	-1.46943	0.578994	0.732277	0.815886	-0.438252	-1.27434	-0.312838	1.37328	-1.69239	-0.995646	1.41509	0.899496	0.9413	-0.925972	-0.744819	-0.786623	
>
-0.271112	-0.0998834	0.451854	0.489904	0.356727	-0.40429	0.50893	0.318676	-0.233061	-0.65162	0.280625	2.86808	-1.94535	0.147447	0.489904	0.318676	0.527955	-1.96437	-1.31751	0.128422	
>
0.47986	2.93476	-1.06213	-0.956795	-0.956795	-0.371599	-0.956795	0.933387	1.25817	-0.403785	-0.500342	-0.956795	-0.757828	0.643715	0.324783	0.342339	-0.0497416	1.10602	-0.956795	-0.0936313	
>
0	2.23607	0	-2.23607	0	0	-2.23607	0	0	0	0	2.23607	0	0	0	0	0	0	0	0	
>
-0.015573	0.894851	0.607349	0.511514	-2.69893	0.703183	0.463597	1.42194	-0.0634901	-0.973914	-0.662453	1.56569	-1.54892	-0.686412	1.13444	0.295888	0.0802611	-0.303075	-0.135366	-0.590578	
>
-0.255699	0.996132	0.82211	0.709838	-1.70962	0.760361	0.782815	0.737906	0.496522	-1.38403	-0.474629	1.76519	-1.31105	-1.22685	1.3554	0.333728	0.215843	-1.12019	-0.671105	-0.822672	
>
0.119164	0.59582	0.357492	0.516377	-1.23136	0.993033	0.834148	0.119164	-0.278049	-1.15192	-0.834148	2.58189	-1.46969	-1.3108	1.54913	0.0397213	-0.0397213	-0.913591	-0.119164	-0.357492	
>
-1.27089	0.915676	-0.390619	-0.918215	-0.788432	0.230083	-0.297514	-2.04676	0.18212	0.591218	0.591218	0.774608	0.608147	1.21192	-0.864609	-1.2201	-0.5994	2.05833	1.2627	-0.0294833	
>
0.786579	-1.37737	-1.03389	-1.03389	1.02702	-1.03389	-1.03389	0.0309136	-0.930843	1.71399	1.47355	-1.17128	0.820928	1.13006	-0.381268	-0.10648	-0.0721317	-0.140829	-0.278222	1.61094	
>
-0.869986	-0.322579	-1.37829	-1.22189	-0.66145	-0.66145	-1.16976	-0.244378	-0.909086	0.811335	1.08504	-0.361679	0.811335	1.09807	2.40142	-0.179211	-0.70055	0.615833	1.37178	0.485498	
>
-0.09113	1.84193	0.295482	1.56578	-0.367281	0.295482	1.56578	0.185021	-0.09113	-0.809124	-0.809124	1.84193	-0.532972	-1.19574	-0.588203	0.350712	-0.0358997	-1.69281	-1.08528	-0.643433	
>
-1.44569	1.69828	-0.156133	-0.145475	-0.795585	0.483319	0.536607	-2.26633	0.675155	-0.315996	-0.0495575	0.866991	0.227538	0.898963	-0.752955	-0.90216	-0.742297	1.54907	1.31461	-0.678352	
>
0.432132	0.413392	0.267225	0.405896	0.124805	0.285964	0.29346	-4.13655	0.29346	0.319695	0.289712	0.43588	0.102317	0.29346	-1.06702	0.282216	0.252233	0.300956	-0.0138672	0.424636	
>
1.09661	-0.555075	-0.532511	-0.176	-0.428717	-0.609229	-0.239179	3.65989	0.0451281	-0.0451281	-0.600203	-0.361025	-0.672408	-0.685947	0.83487	0.591178	0.351999	-0.685947	-1.05148	0.0631793	
>
-1.72025	1.78336	-0.240465	-0.283988	-0.74098	0.412381	0.455904	-2.13372	0.477665	-0.00108808	-0.0446111	1.13051	0.521188	0.738804	-0.675695	-1.04564	-0.697457	1.41341	1.23932	-0.588649	
>
-0.930823	-0.0336442	-1.15512	-1.15512	0.0785032	-0.0336442	-0.0336442	-2.0523	-0.0336442	1.08783	1.08783	-0.0336442	0.863535	1.19998	0.190651	-1.26727	-1.15512	1.76071	1.19998	0.414945	
>
-1.0985	0.224994	-0.531288	-0.531288	-0.531288	-0.531288	-0.531288	-1.0985	-0.531288	0.149366	0.149366	0.224994	0.149366	1.66193	-0.0018907	-1.0985	-0.531288	2.94761	1.66193	-0.153147	
>
0.998559	-0.271285	-0.502165	0.0365561	0.305917	0.921599	1.57576	-1.81049	0.729198	-0.232805	1.03704	0.767678	1.6912	0.151996	-1.96441	-0.810006	-0.810006	-0.155844	-1.19481	-0.463685	
>
-0.384014	-0.0143749	-0.959009	-1.12329	-1.04115	-0.794725	-1.00008	-0.301872	0.355265	1.87489	0.108838	-0.917938	-0.096517	1.34097	-1.45186	-0.178659	0.889188	0.601691	1.05347	2.03918	
>
-0.468075	-0.185173	0.843564	1.1779	-0.365202	0.0720116	0.09773	1.76943	-0.699541	-1.13675	-0.956725	0.0205747	-1.39394	-0.931007	2.46382	0.946438	0.226322	-0.493794	0.25204	-1.23963	
>
1.22481	-0.145043	-0.265913	0.0564058	-0.386782	0.338435	1.70829	-1.63577	1.18452	-0.346493	1.18452	0.942782	1.50684	0.0161159	-1.75664	-1.03142	-0.91055	-0.185333	-1.15229	-0.346493	
>
-0.590422	-0.139405	-1.12344	-1.28745	0.147605	-0.0164006	-1.41045	-0.467417	-0.631423	1.91067	0.147605	-0.959435	-0.303411	0.844631	-1.32845	0.0656024	1.09064	1.04964	1.25465	1.74666	
>
-0.469342	-0.164754	0.804389	1.41356	-0.469342	-0.109375	0.167523	1.96736	-0.413963	-1.27235	-1.07852	0.0844539	-1.24466	-0.524722	2.27195	0.942838	0.0290743	-0.469342	-0.0816849	-1.38311	
>
-0.589855	-0.255975	0.523079	2.24812	-0.701148	-0.367268	-1.36891	1.41343	-1.03503	-0.589855	-0.756795	-0.311621	0.300492	-1.36891	0.745665	1.24649	0.912605	0.578725	0.745665	-1.36891	
>
-0.277047	-0.252529	-1.0616	-1.35581	0.311371	-0.203494	-1.03709	-1.03709	-0.252529	1.905	0.654614	-0.816429	0.384923	0.532027	-1.55195	-0.52222	0.213301	1.24303	1.21851	1.905	
>
0.0537038	-0.444418	-0.662346	-0.724611	-0.086393	-1.06707	-0.584515	-0.273189	-0.911407	2.54431	0.707489	-0.584515	0.816453	0.520693	-0.958106	-0.413285	-0.584515	-0.117526	0.178234	2.59101	
>
-0.402034	-0.094747	-1.11904	-1.50315	0.468613	0.31497	-1.11904	-1.27268	0.161326	1.23683	0.519828	-0.811751	0.0845041	0.443006	-1.63118	-0.478856	0.622257	1.77459	1.59533	1.21122	
>
0.0618694	-0.752202	-0.947579	-1.3188	1.14296	-0.726152	-0.641488	-0.289809	-0.465649	1.82026	1.3188	-0.986655	0.986655	0.732664	-0.980142	-1.07132	-0.77174	0.687076	0.354935	1.84631	
>
1.23804	0.475698	-1.17095	-0.317132	-0.256145	0.597672	1.96988	-1.71983	-0.134171	0.0487896	1.02458	0.750139	1.54297	0.506192	-1.62835	-0.987989	-0.744041	-0.0426909	-1.01848	-0.134171	
>
-0.804558	-0.390638	-1.42544	-1.52892	0.799384	-0.649338	-2.04632	-0.235417	0.230243	1.16156	-0.183677	-1.16674	0.333724	0.747644	1.05808	0.126763	0.851124	0.281983	1.2133	1.62723	
>
-0.628019	-0.659224	3.27272	1.36916	-1.12731	-0.378371	-0.0507096	-0.643621	1.572	-0.191136	-1.0493	-0.237945	0.0429081	-0.284754	-0.84646	-0.0507096	-0.191136	-0.0663125	0.417379	-0.269151	
>
-0.57658	-0.053625	1.59501	0.230012	0.114784	0.0793296	-0.47908	3.72229	-0.222034	-0.496807	-0.541125	0.309784	-0.727262	-0.47908	-0.620898	-0.222034	-0.523398	-0.727262	0.132511	-0.514535	
>
0.433909	-0.394405	0.408423	0.497626	-0.521838	-0.483608	0.293733	3.88734	-0.623785	-0.496352	-0.177769	0.433909	-1.00608	-0.432635	-1.00608	0.0261238	-0.101309	0.179043	-0.521838	-0.394405	
>
0.0122188	0.500969	-0.340768	1.07118	0.256594	0.365205	0.12083	-1.45403	-0.775212	-0.856671	0.0393716	0.147983	-1.72556	-0.938129	2.59173	1.53278	0.636733	0.283747	-0.340768	-1.1282	
>
-1.38871	0.761404	-0.527511	-0.650815	1.63898	-0.115212	-0.144112	-1.80679	0.294196	0.0292848	0.00231196	0.244104	0.27782	1.02535	-0.75389	-1.19509	-0.746183	2.29018	1.23054	-0.465859	
>
-0.174073	-0.134511	-0.134511	-1.32137	-1.13675	-0.873	-2.46866	-0.240009	-0.701565	1.59303	0.920474	-0.226822	0.392982	1.50072	0.564417	-0.0817613	0.116048	1.7249	0.564417	0.116048	
>
-0.411051	-1.05584	-0.630865	-0.806716	-0.718791	-0.762753	-1.49547	-0.469668	-0.279163	1.3328	1.06903	-0.865333	0.644054	1.64054	0.775942	-0.938604	-0.176584	2.25602	0.805251	0.0871927	
>
-0.368034	-0.623613	-1.27108	-0.828077	0.654283	-1.04958	-0.436189	-0.589536	-0.674729	0.892824	1.31879	-0.879193	0.364626	1.72772	0.19424	-1.10069	-0.845115	2.35814	0.705399	0.44982	
>
-0.321308	-0.898507	-1.09091	-0.609908	0.371332	-0.898507	-0.302068	-0.475228	-0.936987	0.833091	1.33333	-1.09091	0.255892	1.91053	0.0827319	-1.07167	-0.629148	2.39153	0.775371	0.371332	
>
-0.00577168	0.571396	0.571396	0.917696	-0.582939	1.03313	1.03313	0.917696	-0.467506	-1.62184	-0.92924	1.37943	-1.04467	-1.73727	0.802263	1.03313	0.686829	-1.16011	-0.00577168	-1.39097	
>
-0.198055	0.923011	0.549323	0.848274	-0.945433	1.07249	1.14722	0.325109	-0.347531	-1.54333	-1.09491	1.96934	-1.02017	-1.76755	0.549323	0.549323	0.399847	-0.721219	0.474585	-1.16965	
>
0.0454807	-0.409326	-1.24314	-1.16734	1.3341	-1.54634	-1.09154	0.272884	0.272884	1.4099	1.3341	-1.62214	1.03089	1.6373	-0.636729	-0.257724	-0.257724	0.576088	-0.257724	0.576088	
>
-0.281011	-0.718691	-0.937531	-0.967373	0.713717	-0.887794	-0.897742	-0.579429	-0.231274	1.51945	1.28071	-1.40505	1.56918	1.71839	-0.748533	-0.828111	-0.599323	1.17129	0.26609	0.843032	
>
1.14169	-0.785566	-1.03695	-0.0733195	-0.324701	0.345649	2.18911	-1.24643	1.14169	-0.324701	0.890309	0.890309	0.890309	0.890309	-1.33023	-0.995051	-0.617979	0.178062	-1.6235	-0.19901	
>
-0.187248	-1.18361	-1.01183	-0.393392	0.396828	0.568615	-2.35177	-0.393392	-0.496465	1.80548	0.843475	-0.702609	0.946547	1.22141	-0.908754	-0.840039	0.740402	0.396828	0.190684	1.35884	
>
-0.898774	1.26396	1.44123	0.235773	0.129409	-0.579682	-0.79241	1.33487	-0.756955	-0.615137	-1.21786	-0.473319	-1.25332	-1.39514	1.6185	1.29941	0.200318	-0.366955	1.33487	-0.508773	
>
1.46033	0.420549	-0.326334	0.0690744	-1.55649	-0.497189	0.537707	0.933115	-1.38076	0.235048	2.03147	0.493772	-1.21966	-0.570413	-0.0236757	0.898944	0.376614	-1.78593	-0.902361	0.806194	
>
1.65064	1.10808	-0.297017	-0.436135	-0.338753	-0.255282	0.635074	1.1359	-1.38214	-0.0326928	1.19155	1.1359	-1.63255	-0.839578	0.885487	0.398574	0.120337	-1.93861	-1.08999	-0.018781	
>
0.231483	-0.962664	0.0783073	-0.903269	-1.24088	-0.843875	-0.740715	0.206475	-0.843875	1.28808	3.23873	-0.562531	0.0939375	0.472188	-0.0654905	0.797297	0.784792	-0.778228	-0.287439	0.0376688	
>
-0.721549	-1.3028	0.270581	-1.48318	-0.46099	-0.831786	-1.28275	-0.491054	-0.0400861	1.32284	1.70366	-0.962066	1.92413	1.26271	-0.170366	0.13028	0.541162	0.901937	0.410882	-0.721549	
>
0.253377	-0.996234	-0.178516	-0.950165	-1.12004	-0.777408	-0.691029	0.0834994	-0.76877	1.08837	3.31694	-0.696788	0.287929	0.454928	0.0834994	0.771649	0.973199	-0.60753	-0.429014	-0.0978958	
>
-0.618968	-1.25381	-0.0987528	-1.47424	-0.380904	-0.742409	-1.148	-0.539613	-0.0282151	1.03867	1.78813	-1.01574	2.132	1.13566	-0.0193979	0.148129	0.756517	1.07394	0.059957	-0.812947	
>
0.137687	-0.774332	0.816398	-0.682423	-1.46365	-0.95108	-0.813217	0.537137	-0.97936	1.74609	2.70053	-0.11683	-0.466791	0.473507	-0.488001	0.791653	0.155361	-1.18792	0.148291	0.416948	
>
-0.939409	-1.18755	1.40025	-1.21119	-0.596731	-0.951225	-1.44752	-0.254054	-0.0649905	1.97926	1.09302	-0.584915	0.903959	1.41207	-0.608548	0.0531741	-0.26587	0.194972	1.41207	-0.336769	
>
1.68329	-0.411418	-0.510411	-0.439136	-1.55578	-0.724238	-0.0787989	1.39027	-1.23504	0.582479	2.35248	-0.593566	-0.736117	0.538921	-0.253028	0.499324	0.261739	-1.10041	-0.68068	1.01013	
>
0.586566	-1.20463	-0.614123	-1.18494	-0.71254	-0.751907	-0.929058	0.862135	-0.456656	0.684984	0.940868	-1.55893	0.842451	2.47618	-0.456656	-0.476339	-0.161404	1.43295	0.0551136	0.625933	
>
1.16047	-0.85013	-0.81647	-0.856862	-0.789543	-0.769347	-0.863594	0.868755	-0.881546	1.32653	2.51808	-0.888277	-0.197133	1.03257	-0.619	0.0856076	0.137219	-0.52251	-0.520266	1.44546	
>
0.317229	-0.9044	-0.622637	-0.868933	-0.821644	-0.74874	-0.664014	-0.0236444	-0.760563	1.55856	3.28264	-0.758592	0.42757	0.543822	-0.293585	0.362548	0.766474	-0.569437	-0.4788	0.256148	
>
0.810477	-1.08455	-0.567725	-0.536403	-1.13154	-0.755662	0.638202	3.17535	-0.990583	0.810477	0.434604	-0.740001	0.779154	0.231006	-0.661694	-0.646032	-0.270159	0.8418	-0.661694	0.324974	
>
1.49444	0.72078	-0.33683	0.510904	-1.63312	-0.0981479	1.16111	0.741356	-0.945882	-0.624895	1.41625	0.515019	-1.17633	-0.933537	0.527365	1.45329	-0.23395	-1.72777	-1.01173	0.181687	
>
2.04253	0.350411	0.260072	0.392106	-1.49806	-0.111708	1.50744	0.944563	-0.990775	-1.11239	1.05227	0.385157	-0.420945	-0.719758	0.76736	0.781258	-0.518233	-1.5745	-1.38688	-0.149928	
>
0.0792083	-0.324702	-0.0991415	0.393943	-0.922698	-0.287983	1.07587	0.724415	-1.21121	-0.31421	1.6319	0.131664	-1.78297	-0.775822	0.341488	1.59518	1.26471	-1.74101	-0.828278	1.04964	
>
0.0203427	-0.629631	0.46689	0.129499	-1.38876	-0.247586	0.531391	1.03748	-0.996792	-0.336895	2.42177	0.65047	-1.56242	-0.634593	0.605816	1.51379	0.0997288	-1.43838	-0.833058	0.590931	
>
0.821942	-0.823284	-0.680731	-0.779679	-0.410719	-0.692471	-0.824961	0.526774	-0.804836	1.71919	2.89818	-0.811544	-0.528116	0.2467	-0.43923	-0.139031	-0.112197	-0.46774	-0.264813	1.56657	
>
0.788068	0.769366	-0.240558	-0.0161307	-1.54504	0.180243	1.28835	0.615072	-1.35335	-0.231207	1.50811	1.56889	-1.1897	-0.66136	0.0914075	1.12003	0.0820564	-1.84428	-1.05411	0.124137	
>
0.0492698	-0.153968	0.461905	0.591238	-1.26254	-0.468063	0.640508	1.97079	-1.78603	-0.0307936	1.86609	-0.0431111	-1.47194	-0.394159	-0.0985397	0.868381	0.535809	-1.6567	-0.277143	0.658984	
>
0.900432	-0.97706	-0.555709	-0.838675	-0.504073	-0.797366	-0.838675	0.241554	-0.935751	1.80303	2.40408	-0.913031	-0.221106	1.2371	-0.628	0.119693	-0.0661976	-0.578429	-0.386342	1.53452	
>
0.174346	-0.404837	-1.2086	-1.43318	2.00646	-0.771259	-0.98402	-0.180256	0.0325052	1.30907	1.11995	-1.33862	0.682608	0.469847	-0.99584	-0.88946	-0.523038	0.96629	0.599868	1.36817	
>
-0.202197	-0.402699	-0.888423	-1.30355	1.1759	-0.919486	-1.168	-0.597553	0.2214	1.43571	1.27474	-1.32049	0.851146	1.34817	-0.995734	-0.942078	-0.478946	1.3284	0.467085	1.1166	
>
-0.290157	-0.773751	-0.773751	-0.773751	-0.773751	-0.773751	-0.773751	-0.773751	-0.290157	0.967189	0.967189	-0.773751	0.483594	1.64422	-0.773751	-0.773751	-0.386875	2.51469	1.45078	0.677032	
>
-0.732239	1.43736	0.998273	1.21523	-1.45544	1.19974	1.12742	-0.747736	-0.00903999	-1.02152	-1.099	1.95909	-1.08351	-0.572102	0.28024	0.00129143	-0.0710285	-0.597931	0.347394	-1.17649	
>
-1.65798	2.27043	0.180154	0.310287	-1.34078	0.684422	0.302154	-1.33265	-0.12078	0.0906869	-0.934116	1.02602	-0.836515	0.529888	-0.291581	-0.787715	-0.421714	1.38389	1.38389	-0.437981	
>
0.416424	-0.00705803	1.14911	1.32388	-0.786802	0.99451	1.22306	0.127381	0.087049	-1.40522	-0.652363	1.70031	-0.712861	-1.1834	0.604638	0.658413	0.255097	-1.92281	-0.692695	-1.17667	
>
1.21577	-0.415162	0.489702	0.570886	0.554939	0.197584	0.16714	1.67074	-0.735308	-0.266083	-0.295078	0.517247	-0.289279	-1.44905	0.631532	0.963759	0.516522	-2.8171	-1.38333	0.154576	
>
1.38428	-0.177714	0.177262	0.241529	0.796838	-0.134032	-0.346415	2.16955	-1.19143	0.133078	-0.373026	0.0557568	-0.324826	-1.35963	0.564874	1.00169	0.50864	-2.33117	-1.29687	0.501611	
>
0.35038	-0.507244	-1.10098	-2.62565	0.328389	-0.375302	-0.441273	-1.03501	-1.2256	1.58917	0.878148	0.746206	0.159797	0.841498	-0.822439	-0.0454467	0.628924	0.702225	0.511642	1.44257	
>
0.219173	-0.0382893	0.978358	1.52629	0.04093	0.318197	0.786912	0.701091	0.172962	-0.229736	-0.308955	-0.262744	-0.20333	-0.137313	0.734099	-0.0448909	0.0541332	-3.73519	-0.777669	0.20597	
>
0.43759	-1.14073	1.10838	-0.185847	0.232408	-0.809285	0.453373	0.579639	-0.959226	2.66302	0.413915	-1.27489	0.19295	0.48494	-0.383138	-0.580428	-1.12495	1.06103	-1.66947	0.500723	
>
-0.105219	0.650739	0.608741	1.59719	-0.201214	0.536745	0.874227	0.184265	0.901225	-1.36215	-0.80568	-1.22716	-0.475699	-0.727685	1.04672	0.0282734	-0.4442	-2.40759	1.65568	-0.327207	
>
-0.0254813	0.51057	0.355794	-0.667233	-2.03756	-0.176482	0.204794	1.70725	-0.0519064	-0.950358	-0.520007	2.2886	-0.920158	-0.0934314	0.197244	0.816345	1.5034	-0.999433	-0.837108	-0.304832	
>
1.2207	-0.339434	-0.465931	0.0400574	-0.381599	0.124389	1.76885	-1.6044	1.34719	-0.592428	1.2207	0.925536	1.30503	0.335217	-1.6044	-0.971919	-0.887587	0.0822231	-1.26708	-0.255102	
>
1.2129	0.139876	-1.00979	-0.128379	-1.16308	0.94464	1.82605	-1.58462	0.21652	0.0249094	0.829674	0.484775	1.78773	0.369808	-1.66126	-0.894822	-0.549922	0.0632315	-1.08643	0.178198	
>
-0.849926	0.075736	-0.849926	-1.27068	0.454416	0.075736	-1.77559	-0.302944	-0.681624	1.92706	0.075736	-1.01823	-0.218793	0.496491	-1.10238	0.0336604	0.748944	0.959322	1.42215	1.80083	
>
-0.311899	-0.743096	-0.541871	-0.743096	0.320523	-0.168167	-1.63424	-0.513124	-0.426885	1.67161	0.665481	-0.743096	-0.196913	1.15417	-1.57674	-0.886828	0.550495	0.780467	1.26916	2.07406	
>
-0.324573	-0.130384	1.45087	0.896044	-0.740693	0.119288	-0.491021	2.22763	-1.18455	-1.12907	-1.29552	-0.0194189	-1.2123	-0.213608	1.42313	0.923785	0.257994	-0.213608	0.896044	-1.24004	
>
-1.04362	-0.222794	1.30159	1.36022	1.24296	-0.193479	-0.750465	1.53611	-0.134849	-1.27814	-1.30745	-0.164164	-0.867726	-0.838411	1.47748	1.3309	-0.134849	-0.31074	0.334192	-1.33677	
>
0.667468	-0.723091	0.389357	-1.37202	1.96532	-0.537683	0.760172	-1.46472	0.111245	-0.259571	0.296653	0.0185408	0.94558	-0.444979	-0.908499	-0.537683	1.3164	1.5018	-1.92824	0.203949	
>
1.16184	-0.277903	-0.545761	0.224331	0.927459	0.458707	2.33372	-1.75112	0.391743	-0.512279	1.32925	0.291296	-0.311385	0.0904022	-1.71764	0.190849	-0.847102	-1.18192	-0.880584	0.626119	
>
0.564467	0.164451	-0.680027	-0.102226	0.0311123	1.80896	1.54228	-1.70229	-0.324457	-0.146672	0.87559	0.786698	1.89785	-0.457796	-1.34672	-0.813365	-0.235565	0.386682	-1.34672	-0.902258	
>
-0.578183	0.0950437	-1.44942	-1.29101	0.0158406	0.0950437	-1.25141	-0.657386	0.0158406	0.411856	-0.0633625	-0.142566	1.4811	1.12468	-1.37021	-0.696987	0.451458	0.0950437	1.24349	2.47114	
>
-0.734551	-0.163047	0.778255	-0.196665	-1.10435	-0.095811	-1.67585	-0.331136	0.744637	2.12297	-0.331136	-1.03711	0.879108	1.75317	-1.17158	-1.30606	-0.196665	0.711019	0.744637	0.610165	
>
-0.0829239	0.105539	-1.28909	-0.987548	0.0301541	-1.40217	-1.55294	-0.384465	0.633237	1.42478	0.180925	-0.648314	-0.686007	0.859393	-1.02524	-0.0829239	0.746315	0.972471	0.859393	2.32941	
>
-0.313368	-1.14983	0.692805	1.78384	-1.14983	0.595824	-0.386104	2.05053	-0.883129	-0.628555	-1.14983	0.280637	-0.0830396	1.51714	0.474599	0.583702	-0.810394	-1.14983	0.704927	-0.98011	
>
-0.127055	0.913589	1.0588	0.768383	-0.22386	0.332764	-0.0302513	1.85743	-0.0302513	-1.57912	-0.611076	-0.635277	-2.23255	-1.0951	1.49441	0.381166	0.47797	0.768383	-0.92569	-0.562674	
>
-0.0940347	-0.470174	1.00751	-0.120902	-1.19558	0.308971	-1.11498	1.78666	0.362705	-1.57172	-0.470174	0.87318	-0.497041	-1.54486	1.81353	1.06125	-0.201503	0.41644	0.792578	-1.14185	
>
-0.0846216	-0.134399	1.53314	0.66204	-0.831283	-0.731728	-0.0846216	1.6327	-1.40372	-0.408175	-1.12995	-0.233954	-1.12995	0.0149332	0.86115	1.11004	0.388264	-0.955727	2.05581	-1.12995	
>
0.181455	0.521683	0.975321	1.46136	0.0680457	0.813308	1.10493	0.764704	0.181455	-1.45488	-1.6493	0.764704	-0.83923	-1.6493	0.181455	0.894314	0.683697	-1.77891	-0.466599	-0.758223	
>
-0.398594	-1.04199	-1.21461	-1.16754	0.229113	-0.806604	-0.477058	-0.963531	-0.320131	1.43745	1.61007	-1.05769	1.24914	1.57868	0.213421	-1.04199	-0.42998	1.39037	0.338962	0.872514	
>
-0.181943	-0.731599	-1.07253	-1.0934	1.66184	-0.87771	-0.940329	-0.3698	0.207687	1.55052	1.08435	-1.21168	1.24438	0.618189	-0.940329	-0.891626	-0.620277	0.284221	0.520782	1.75925	
>
-0.176228	-0.705894	-1.1244	-1.11786	1.98821	-0.797441	-0.987075	-0.37894	-0.0258294	1.37353	0.968111	-1.41865	1.26891	0.719626	-0.817059	-0.627425	-0.529339	0.340359	0.418828	1.62856	
>
-0.162374	-0.684291	-1.20621	-1.14822	1.95429	-0.684291	-1.09023	-0.394337	-0.336346	1.14242	0.852464	-1.64114	1.43237	0.968446	-0.655295	-0.24936	-0.394337	0.475524	0.301552	1.51936	
>
0.717171	-1.15784	-0.39834	-1.39518	1.38173	-1.14201	-0.153086	2.07002	-0.912583	1.49249	1.00198	-0.61986	0.519385	1.05736	-0.975874	-1.17366	0.202928	-0.540746	-0.0818833	0.107991	
>
0.250582	-0.822777	-1.96717	-0.39659	1.27659	-1.78564	-0.546545	-0.0808965	0.842507	-0.144035	1.74223	-0.791207	1.53703	-0.0808965	-0.144035	-0.728068	0.171658	-0.301882	0.376859	1.59228	
>
-0.84249	-0.567804	-0.712375	-1.175	1.67305	-0.0907185	-0.0907185	-0.64009	0.16951	0.805624	0.892367	-1.3774	2.28748	1.03694	-0.878633	-0.473833	-0.94369	-0.307576	-0.228061	1.46342	
>
-0.0944505	-0.740691	-0.967151	-0.702027	-0.46452	-0.646793	-0.315387	-0.409286	-0.166255	2.10939	1.10966	-1.14942	0.739586	1.50734	-0.967151	-0.795925	-0.702027	1.31402	-0.46452	1.80561	
>
-0.120424	-0.503592	-1.22614	-1.32466	1.8611	-0.777283	-1.16045	-9.72346e-16	-0.394115	1.47793	1.32466	-1.4013	0.251796	0.503592	-0.55833	-0.689702	-0.383168	0.897707	0.624016	1.59836	
>
0.223845	-1.41558	0.581156	0.854394	0.938467	0.244863	-0.259576	1.2117	-1.6678	-0.343649	-0.679942	2.03142	-0.301613	-2.08817	1.0856	0.665229	-0.911143	-0.0704113	-0.0283747	-0.0704113	
>
1.65273	-0.776204	-0.591394	0.728681	-1.01382	-0.512189	0.596674	2.33917	0.332659	-0.327379	-0.221773	-1.43624	-1.54185	-0.221773	0.623075	1.1247	1.0455	-0.538591	-0.829007	-0.432985	
>
1.08866	0.257492	-0.607954	0.61738	-2.5445	-0.282341	0.934425	0.942994	0.291767	0.0347035	-0.162378	-1.31059	-1.98753	0.146098	0.343179	1.13151	1.31145	0.61738	-0.556542	-0.265204	
>
-0.622981	2.29278	0.719672	1.64149	-0.708149	0.574385	1.43108	-0.497733	0.343929	-0.938604	-0.873475	1.55632	-0.998723	-1.06385	-0.247238	-0.412565	-0.537812	-0.683099	-0.142031	-0.833396	
>
0.998559	-0.271285	-0.502165	0.0365561	0.305917	0.921599	1.57576	-1.81049	0.729198	-0.232805	1.03704	0.767678	1.6912	0.151996	-1.96441	-0.810006	-0.810006	-0.155844	-1.19481	-0.463685	
>
-0.384014	-0.0143749	-0.959009	-1.12329	-1.04115	-0.794725	-1.00008	-0.301872	0.355265	1.87489	0.108838	-0.917938	-0.096517	1.34097	-1.45186	-0.178659	0.889188	0.601691	1.05347	2.03918	
>
-0.437888	-0.181813	0.842485	1.17538	-0.386673	0.0486542	0.125477	1.76435	-0.668355	-1.12929	-0.924429	0.0230467	-1.43658	-0.950037	2.45576	0.970523	0.202299	-0.51471	0.253514	-1.23172	
>
0.744254	0.148851	-0.446553	-1.04196	0.148851	0.347319	0.347319	-1.24042	-0.248085	0.744254	1.33966	0.347319	0.942722	0.744254	-3.2251	-0.64502	-0.64502	0.744254	0.744254	0.148851	
>
-0.482289	-0.745356	-0.833045	-0.920734	0.306911	-0.482289	-0.745356	-1.09611	-0.657667	2.14838	0.3946	-0.745356	0.306911	1.35918	-1.1838	-0.569978	0.131533	0.569978	1.09611	2.14838	
>
1.38166	0.661578	-0.598571	0.391546	-1.94873	0.0315037	0.121514	0.121514	-0.238528	-0.328539	0.751589	2.64181	0.301536	0.751589	-1.40867	-1.40867	-0.0585069	-0.238528	-0.958614	0.0315037	
>
1.73339	-0.657493	0	1.0759	-0.717265	-0.597721	1.43453	-2.03225	0.777037	0	0.0597721	0.896582	0.179316	0.896582	-0.298861	0.239088	-1.85294	0.119544	-1.55407	0.298861	
>
2.31123	-0.373716	0.315663	1.18646	0.0979644	-0.845397	1.83955	-0.337433	-0.845397	-0.809114	1.47672	-0.627698	0.460796	-0.119734	-1.57106	-0.373716	-0.264867	-0.0834512	-1.38964	-0.0471681	
>
1.07973	-0.0934908	-0.130154	0.419792	-0.166817	0.969738	1.04306	-2.43993	-0.936741	0.0164984	1.73966	-0.6801	1.0064	0.896412	-1.23005	-0.606774	-0.716763	0.933075	-1.08339	-0.0201647	
>
1.93208	-0.586201	-0.222449	-0.0265819	-0.390334	-0.390334	1.26054	-2.01323	-0.362353	-0.194468	1.73622	0.113323	1.12064	0.197266	-2.09717	-0.698125	-0.25043	0.588999	-0.0825438	0.365151	
>
1.24883	0.89413	-0.731561	0.421202	-0.288191	0.273412	0.835014	-2.35725	-0.0221685	0.15518	0.835014	-0.0812846	1.51485	0.687224	-2.15035	-0.790677	-0.849793	0.45076	-0.672445	0.628108	
>
1.54235	0.742353	-0.645883	-0.881177	-0.151765	0.554118	0.812942	-1.46941	0.0835295	0.201177	1.33059	0.577647	1.16588	0.271765	-2.43412	-0.904707	-1.06941	-0.0341177	-0.622353	0.930589	
>
0.660329	0.23251	-0.306914	-0.771934	-0.00930041	0.399918	0.437119	-0.809136	0.548724	-0.567325	1.10675	0.474321	1.51597	0.939342	-3.41325	-0.381317	-0.567325	0.325515	-0.306914	0.492922	
>
0.373744	0.258034	-0.0890968	-1.57019	-0.135381	0.350602	0.373744	-0.829642	0.813442	0.0728974	1.23	0.929152	1.53085	0.420028	-3.16699	-0.575079	-0.413085	0.119181	-0.158523	0.466312	
>
0.742183	0.470014	-0.116195	-1.60265	-0.451172	0.951544	-0.0324509	-0.786149	1.1609	-0.220875	1.26558	1.07716	1.30746	0.302526	-2.69133	-0.932701	-0.828021	0.38627	-0.074323	0.0722294	
>
0.507512	0.142208	-0.144817	-1.55385	-0.353562	0.298767	-0.640587	-0.431842	0.925002	0.768443	1.78608	0.690164	1.55124	-0.197003	-2.72804	-0.771052	-0.692773	0.507512	0.377046	-0.0404444	
>
0.586531	0.679385	-0.0634505	-0.961044	-0.868189	-0.806286	-0.744383	-1.20866	0.896045	-0.0634505	1.9484	1.29841	0.679385	0.184161	-2.57052	-0.125354	-0.46582	1.01985	0.36987	0.215113	
>
-0.238758	0.32558	-0.238758	-0.933328	-0.976739	-1.10697	-0.716275	-0.32558	1.36743	0.0651159	1.32402	2.062	0.586043	0.108527	-1.71472	0.412401	-1.32402	1.67131	0.108527	-0.455811	
>
-0.660532	-0.447457	1.29976	0.319612	-1.00145	1.00145	-0.149152	1.08668	1.1293	-1.68329	-0.873607	0.234382	-1.68329	-0.660532	-0.447457	1.85375	1.51283	-0.319612	-0.319612	-0.191767	
>
-0.108644	0.0120716	1.58138	-0.430553	-1.15485	-0.028167	0.293742	0.454696	0.816844	-1.15485	-1.07437	0.253503	-2.36201	-0.551269	0.977798	1.70209	1.33995	-0.671985	0.535173	-0.430553	
>
-0.595946	0.595946	0.541769	0.108354	-1.13771	0.541769	-0.108354	1.46278	-0.433415	-7.51855e-17	-1.84201	-0.0541769	-1.62531	-1.30024	0.704299	1.78784	1.62531	-0.595946	0.704299	-0.379238	
>
-0.361059	0.686574	-0.847461	-0.211397	-2.23183	-0.248813	-1.29645	1.88387	0.0130954	0.761405	-1.96992	0.312419	1.06073	0.462081	0.237588	-0.286228	0.162757	-0.211397	0.836236	1.24781	
>
-0.932353	0.735755	-1.58768	-1.61747	-0.187662	0.199577	-1.55789	1.09321	-0.962141	1.68896	0.259152	-0.872778	0.854905	0.705967	-0.932353	0.318728	0.0804266	0.437878	0.854905	1.42087	
>
-0.175364	0.374426	-1.67307	-1.67307	0.260676	-0.0616144	-0.630363	-0.838904	-0.630363	1.81526	0.620884	-0.857862	0.829425	0.696717	-1.71099	-0.213281	0.943175	0.6588	0.810467	1.45505	
>
-0.290057	0.0879211	-1.14462	-1.53903	0.334429	-0.0764174	-0.89811	-1.06245	-0.142153	1.92851	0.498767	-0.848808	0.646672	0.909613	-1.91701	-0.38866	0.400164	0.860312	1.38619	1.25472	
>
-0.336554	-0.00773687	-0.491291	-0.897477	1.07543	-0.471949	-1.28432	-0.916819	0.088974	1.98451	0.649897	-0.897477	0.0696318	0.553186	-2.30946	-0.375238	0.32108	0.591871	1.19148	1.46227	
>
0.219178	-0.221935	-1.02145	-0.221935	1.07384	-1.76583	-0.883605	0.467304	0.136469	1.3771	0.963557	-1.32472	-0.194366	0.632722	-2.09667	0.164039	-0.332213	0.329457	1.0187	1.68037	
>
-1.33671	-0.0960507	0.62433	-0.376199	0.944499	-1.897	-0.696368	0.744393	0.784414	0.26414	-0.0560296	-0.896473	-0.41622	-0.0960507	-1.49679	1.50479	2.30522	-0.456241	-0.0160085	0.664351	
>
-0.928883	-0.0988173	0.533614	0.810302	-0.138344	-1.56131	0.0988173	2.07516	0.0592904	-0.691721	-1.44273	-1.44273	-0.810302	0.138344	-0.849829	1.64037	1.36368	-0.0197635	0.533614	0.731248	
>
0.0178522	0.285635	0.241004	0.598047	0.0178522	-0.651604	0.553417	1.80307	-0.294561	-2.03515	-1.05328	-1.63347	-0.517713	-0.0267782	-0.0714086	1.93696	1.71381	0.0624826	-0.24993	-0.696234	
>
-0.163973	0.103738	0.371449	0.839944	-0.599004	-0.0970453	-0.0970453	0.605697	0.672625	-0.632468	-1.50253	-1.40214	-1.70331	-1.0675	1.27498	1.47576	1.71001	-1.03403	1.20805	0.0368103	
>
-0.566643	0.0355863	-0.292902	0.528319	1.34954	-0.730887	-0.402399	-1.05938	-0.676139	1.13055	-0.0739099	-2.59232	1.0758	0.199831	1.40429	-0.895131	-0.621391	0.747312	1.51379	-0.0739099	
>
-1.03792	0.569181	-1.88611	0.212048	1.64058	-0.0111604	-1.08256	1.06024	-1.03792	-0.457577	1.32809	-1.08256	1.81915	0.122764	-0.0111604	-1.21648	-0.27901	0.524539	0.792389	0.0334812	
>
-1.8174	0.270586	0.0149142	-1.30606	0.824542	0.611482	-1.73218	-0.879937	0.909766	1.25066	-0.411206	1.42111	-0.0276978	1.08021	1.20805	-0.965161	-1.093	0.654094	0.398422	-0.411206	
>
-0.471174	0.0314116	1.03658	-0.806232	2.08364	-0.889996	-0.596821	1.03658	1.03658	-1.09941	-0.596821	0.324587	-1.89517	-0.973761	0.910937	1.24599	0.743409	-0.303646	0.240823	-1.05752	
>
-0.647781	0.267024	1.47852	1.4538	0.415371	0.192851	-0.326363	0.192851	1.00876	-1.36479	-1.38952	0.316473	-1.19172	-0.746679	2.17081	0.563718	0.365922	-1.11755	-0.499434	-1.14227	
>
-0.444264	-0.659365	1.17726	0.895975	0.00248192	-0.129887	-0.196072	1.88874	0.300313	-1.22193	-0.891011	0.747059	-1.25503	-0.775188	2.31894	0.664328	-0.16298	-0.758642	-0.0802489	-1.42049	
>
-0.527287	-0.279612	1.07608	1.25858	-0.214434	0.00716954	-0.0971147	1.63661	0.0853827	-1.50495	-0.879247	0.137525	-1.10085	-0.488181	2.32749	0.841443	0.398235	-0.46211	-0.514252	-1.70048	
>
-0.291381	-0.0118788	0.672902	0.952404	-0.487033	0.0579967	0.141847	1.23191	-0.249456	-0.864361	-1.07399	0.281599	-0.948212	-0.80846	3.21637	0.5052	0.225698	-0.570883	-0.640759	-1.33951	
>
-0.253083	0.415438	0.682846	1.27496	-0.15758	0.224432	0.128929	0.701946	-0.577792	-0.959804	-1.51372	-0.253083	-1.05531	-0.463189	3.05132	0.625544	0.415438	-0.310384	-0.654195	-1.32271	
>
0.166667	-0.166667	-0.119048	2	-0.595238	-0.166667	0.357143	0.47619	-1.19048	-0.0714286	-1.78571	-0.880952	-1.02381	-0.333333	2.85714	0.452381	0.0952381	-0.333333	0.380952	-0.119048	
>
-1.03563	-0.25191	-0.36387	1.72605	0.19593	0.97965	0.75573	-0.36387	-0.66243	-0.17727	-0.58779	0.30789	-1.55811	0.49449	2.95761	-0.25191	-0.92367	-0.25191	-0.84903	-0.13995	
>
-0.905689	-0.806886	0.0494012	0.971557	0.477545	1.3997	0.773952	0.312874	-0.872755	1.23503	-1.33383	-0.642216	-0.773952	-0.214072	2.42066	-1.10329	-1.13623	-0.741018	0.0823353	0.806886	
>
0.116118	-0.257118	-0.46447	-0.0497647	1.31876	1.77494	1.27729	-0.298588	-2.08182	0.157588	0.779647	-1.33535	0.447882	1.19435	0.447882	-1.66712	-0.381529	-0.46447	-1.04506	0.530823	
>
0.0269221	0.322537	0.575922	0.660383	-0.332039	1.21994	0.575922	0.882095	-0.522078	-1.74677	-1.12387	1.14604	-1.34558	-1.67287	1.21994	1.31496	0.808191	-0.881039	-0.00475096	-1.12387	
>
-0.223174	0.947462	0.440871	0.666783	-0.736611	1.2076	0.865312	0.55725	-0.428549	-1.58549	-1.20213	1.76896	-1.31851	-1.71556	0.817392	0.742087	0.4751	-0.729765	0.523021	-1.07206	
>
-0.367136	0.176051	0.418545	1.08783	-1.00732	2.2615	0.835635	0.0887529	-0.658129	-0.939423	-0.997621	2.2906	-1.10432	-1.07522	0.486443	0.0693534	-0.0567437	-0.764827	0.176051	-0.920023	
>
-1.0168	1.82587	-0.94391	0.562459	-0.895318	1.07268	1.26705	0.659644	0.781125	-1.45413	-0.579466	-0.94391	-0.239318	-1.0168	0.48957	0.562459	1.68009	-1.06539	0.173718	-0.919614	
>
1.86762	0.148471	-1.29717	-0.476672	-0.242243	0.539186	1.51597	-1.72696	-0.4376	-0.0468857	0.421972	0.6564	1.2034	-0.398529	1.39876	-0.203172	-0.906457	0.500114	-1.64881	-0.867386	
>
-0.375658	1.21831	0.743704	1.25413	-1.10996	-1.10996	1.23622	0.349689	-1.10996	0.967577	-1.10996	1.45114	-1.10996	-1.10996	-1.10996	-0.00850715	1.11086	-1.10996	0.591471	0.340734	
>
-0.855818	0.952773	0.151027	0.0205098	3.54446	-0.576139	-0.557493	-0.203233	-0.389686	0.0391551	-0.613429	-0.725301	-1.54569	-0.315105	0.915483	0.132381	0.617158	-0.482912	0.132381	-0.240524	
>
-0.9463	-0.65016	-0.569395	-0.192491	-0.246334	-0.811691	-0.596317	-1.43089	1.71895	1.01899	-0.380943	-1.08091	1.28821	0.776693	-0.973221	-0.246334	-0.730926	1.96125	1.20744	0.88438	
>
-1.31568	-0.432674	2.2605	0.0971309	-0.697576	-0.329656	0.200149	2.79031	0.200149	-1.09493	-0.344373	-0.712293	1.02429	0.00883008	-0.535692	-0.0500371	-0.329656	0.568069	-0.491541	-0.815311	
>
-1.15793	-0.0511868	0.00415028	0.48835	2.41131	-1.01959	0.0318188	0.903378	2.03779	0.10099	-0.922746	-0.507718	-1.7113	0.0456531	-1.1856	-0.438547	0.19783	0.405344	0.765035	-0.397044	
>
1.22617	-0.201775	-0.294902	0.325944	-0.698451	1.03992	1.07096	-1.94014	0.574282	0.108648	0.760536	0.853663	1.00887	0.667409	-2.59203	-0.605324	-0.853663	0.574282	-0.54324	-0.481155	
>
-0.590861	-0.590861	1.85286	0.678222	-0.590861	-0.590861	-0.590861	3.24	-0.590861	-0.590861	-0.590861	-0.590861	-0.590861	0.654611	0.583778	-0.590861	0.141075	-0.590861	0.530654	-0.590861	
>
-0.257728	-0.2939	0.266771	1.08065	-0.203469	-0.203469	-0.601364	2.22007	-1.37907	-0.601364	-0.185383	-0.402417	0.302943	-1.36098	2.835	0.0316508	-0.709881	0.103995	-0.131125	-0.510934	
>
-0.729512	1.07894	-0.760164	-1.74102	-0.269736	-0.698861	-1.34255	-1.18929	-0.269736	1.75328	-0.422995	-0.51495	0.435255	1.04829	0.619166	-0.606905	0.649818	-0.147129	1.47742	1.63067	
>
-0.452918	0.0354033	-0.0622609	0.0109872	2.79442	0.841133	0.450476	0.54814	-0.282005	-0.892407	0.206316	-0.648246	-0.428502	0.1819	-2.87011	0.792301	0.0109872	0.377228	-0.208757	-0.404086	
>
-0.681019	-0.0277634	2.08132	-0.335727	1.15276	-0.934544	-0.20352	2.59926	0.255314	-0.741678	-1.63913	-0.772786	-0.127307	-0.803893	0.390631	-0.229962	-0.390165	0.30042	0.787251	-0.679464	
>
-0.873892	-0.502935	-0.97988	-0.281939	0.934666	-0.0113317	-0.461216	1.67771	0.0394072	-0.225562	-0.899825	-0.925759	-0.188354	-0.301107	3.422	-0.419498	-0.134232	-0.281939	0.459976	-0.0462851	
>
0.678929	-2.58594	-0.970094	-1.37601	0.575499	-0.755428	-1.00327	0.509148	-0.583696	1.28585	1.28585	-0.75738	0.784311	0.907256	0.325707	-0.337806	-0.175831	0.780408	0.298385	1.11412	
>
-0.0902204	-1.93473	-0.621518	-0.611494	-0.611494	-0.681665	-1.40343	-0.611494	0.340833	1.4335	1.15282	-0.531298	0.711739	1.48362	-0.611494	-0.571396	-0.340833	1.90465	1.0225	0.571396	
>
1.48386	-0.900913	0.0102271	0.386769	0.251958	-0.361667	-0.171071	2.09748	-1.18448	0.135741	0.196174	-0.422099	-0.357018	-0.31518	1.42342	0.651744	0.34958	-2.39314	-1.35183	0.470446	
>
0.776027	-2.83831	-1.14644	0.462897	0.462897	-0.864868	-0.998373	0.691069	-0.898851	1.16198	1.22994	-0.903706	0.712916	0.678932	0.462897	-0.372114	-0.226473	0.419205	0.0332548	1.15712	
>
1.12951	-2.54647	-0.906784	0.868775	0.868775	-0.840682	-0.866388	1.30762	-1.19139	0.888973	0.964255	-0.893931	0.354653	0.345472	0.868775	-0.0676622	-0.076843	-0.671756	-0.552406	1.0175	
>
-1.0927	1.33071	-0.279226	-0.336448	-0.450891	0.206385	0.286804	-1.72833	0.367224	0.275979	0.144523	0.786334	0.514144	0.993569	-2.5418	-0.84835	-0.344181	1.65858	1.16833	-0.110654	
>
0.558868	-2.71586	-0.645473	-0.428962	0.951294	-1.11909	-0.266579	0.491209	-0.320707	1.27606	0.788911	-1.82275	0.626528	0.951294	0.951294	-0.0636	-0.00947235	0.152911	-0.428962	1.07308	
>
-0.255268	-1.16652	-0.745943	-1.11979	1.40368	-1.03801	-1.08474	-0.664164	0.387283	1.34527	1.22844	-1.56374	1.29854	1.29854	-0.185172	-0.769309	-0.500606	0.84291	0.200359	1.08825	
>
-0.671239	-1.37781	0.506373	0.977418	-0.906761	0.0353284	0.0353284	1.44846	0.506373	-0.200194	-0.200194	0.0353284	-1.61333	0.506373	-0.671239	1.44846	-1.61333	0.270851	2.15503	-0.671239	
>
-0.671239	-1.37781	0.506373	0.977418	-0.906761	0.0353284	0.0353284	1.44846	0.506373	-0.200194	-0.200194	0.0353284	-1.61333	0.506373	-0.671239	1.44846	-1.61333	0.270851	2.15503	-0.671239	
>
-0.507933	-0.623372	2.95525	1.3391	-0.392494	-0.623372	-0.623372	0.992778	0.184703	-0.854251	-0.854251	-0.277054	-0.161615	-0.854251	-0.161615	1.56997	0.761899	-0.738811	-0.161615	-0.96969	
>
0.28691	-0.510061	-0.510061	-0.350667	-0.350667	-0.510061	1.88085	-1.14764	-0.510061	-0.191273	-0.191273	-0.669456	-1.14764	-0.82885	2.51843	-0.510061	-0.350667	1.72146	1.24327	0.127515	
>
1.07937	-0.179896	-0.539687	2.87833	0.359791	-0.359791	1.79896	-0.179896	-0.539687	-0.539687	-1.25927	0	0	-0.179896	-0.899478	-0.359791	-0.539687	1.25927	-1.07937	-0.719583	
>
0.00725878	-0.863794	-0.428268	1.74936	-0.573443	0.733136	3.3463	-0.573443	-0.428268	-0.863794	-0.573443	-0.283092	0.00725878	-0.573443	-0.863794	-0.863794	0.00725878	0.587961	0.29761	0.152434	
>
0	0.502757	-1.38258	-1.00551	0	0.251379	-0.754136	-0.879825	0.502757	0	1.88534	-0.377068	0.754136	1.00551	-1.25689	-0.879825	-0.754136	2.51379	-0.628446	0.502757	
>
0.816497	0.362887	0.362887	-0.99794	1.27011	0.816497	-0.317526	-0.99794	-0.317526	-0.317526	0.136083	1.95052	1.49691	-0.0907218	-1.67835	0.136083	-0.99794	0.816497	-1.90516	-0.544331	
>
2.09223	0.69741	-0.418446	-0.139482	-0.976375	0.69741	-0.69741	-1.5343	-0.139482	0.418446	0.418446	0.139482	1.25534	0.69741	-2.09223	-1.25534	-0.139482	1.25534	-0.69741	0.418446	
>
1.04263	-0.123949	-0.707238	-0.561416	-1.58217	-0.123949	0.0218734	-0.853061	1.91756	0.313518	0.167696	0.45934	2.35503	1.18845	-1.14471	-0.853061	-0.853061	0.0218734	0.313518	-0.998883	
>
0.235468	-0.400932	-0.655493	-0.782773	-0.528213	-1.16461	-0.528213	-0.782773	0.999149	0.617309	0.362748	-0.146372	2.14467	2.27195	-1.41917	-0.782773	-0.655493	1.25371	-0.400932	0.362748	
>
-0.473557	-0.30443	-0.30443	-0.642685	-1.31919	0.541208	1.04859	-1.48832	0.202953	0.710336	1.55597	2.06336	0.0338255	1.38685	-1.65745	-0.642685	-0.473557	-0.98094	0.202953	0.541208	
>
0.625901	1.77888	-0.197653	-0.527075	0.29648	0.955323	1.12003	-1.35063	1.28475	-1.02121	-0.362364	1.44946	0.461191	-1.18592	-1.35063	0.955323	-0.197653	-1.02121	-1.18592	-0.527075	
>
0.0320125	-0.0960375	0.160063	-0.864338	0.672263	1.31251	-0.352138	-1.12044	2.97716	-0.480188	-0.480188	1.18446	-0.0960375	-0.480188	-1.37654	0.800313	-0.0960375	-1.37654	0.160063	-0.480188	
>
-0.101469	0.0253673	0.913223	-0.228306	-0.608816	0.0253673	-0.735652	3.83046	0.532714	-0.228306	-0.228306	0.532714	-0.101469	-0.481979	-0.228306	-0.101469	-0.735652	-1.11616	-0.101469	-0.862489	
>
0.0643623	1.09416	-0.193087	1.09416	-0.450536	1.09416	-0.450536	0.57926	0.57926	0.321811	-0.193087	0.57926	-0.450536	-2.25268	2.3814	-0.707985	-0.450536	-1.48033	-0.193087	-0.965434	
>
-0.576222	0.0918614	0.759945	0.592924	-1.07728	0.0918614	-0.576222	-0.743243	-0.0751594	-0.576222	-0.910263	0.425903	-1.74537	0.258882	0.759945	-0.24218	1.76207	2.76419	-0.910263	-0.0751594	
>
1.55672	-0.188693	-1.17933	0.14152	-0.283039	0.259453	1.86334	-2.00486	0.306626	0.165106	0.778358	0.566079	1.27368	0.400972	-1.79258	-0.896291	-0.589665	0.306626	-1.03781	0.353799	
>
0.628854	-1.06465	0.177253	1.78044	0.290154	-0.0485471	2.43526	-1.06465	-0.522728	-0.793689	-0.364668	-0.816269	-0.680789	-0.138867	1.9385	-0.680789	0.628854	-0.0937072	-0.725949	-0.884009	
>
1.19767	0.207349	-0.782974	-0.31876	-0.597289	0.25377	0.501351	-0.891291	0.00618952	0.656089	1.01199	0.238296	1.27504	0.594194	-3.3671	-0.303286	-0.458024	0.779879	-0.550867	0.547772	
>
0.441498	0.305186	-0.406663	-0.573266	1.01704	0.502081	0.47179	-1.16395	0.986744	0.0174176	0.108292	1.19878	0.623247	0.335478	-3.60241	-0.194623	-0.467246	-0.0431653	0.00227186	0.441498	
>
-0.667482	0.0881579	-1.17124	-1.2552	1.20762	0.312051	-1.42312	-1.19923	-0.723455	1.85132	0.619904	-0.947348	0.619904	0.703864	-0.527548	-0.499562	0.340038	-0.303655	1.09568	1.8793	
>
-0.598523	0.126251	-0.94922	-0.99598	0.897785	0.21977	-1.86103	-0.879081	-0.668662	1.83298	0.897785	-0.645283	0.897785	0.734126	-1.51034	-0.528384	0.430188	0.102871	0.804265	1.6927	
>
-0.1505	0.205521	-0.797811	-0.992004	1.59724	0.626273	0.852832	-1.25093	0.108425	-0.182865	-1.34803	-1.15383	-0.830176	0.076059	2.24455	0.270252	-0.1505	-1.25093	1.40305	0.72337	
>
-1.33442	0.562354	1.12337	0.829506	1.1768	0.108196	-1.25428	1.5241	-0.0788098	-1.22756	-1.49471	0.268488	-1.28099	-0.479537	0.69593	0.69593	0.0814813	0.909652	0.776076	-1.60157	
>
-1.22988	-0.0735828	1.81855	1.29296	-0.178701	-0.213741	-0.704293	-0.494056	0.9776	-0.24878	-0.87949	-0.494056	-1.58028	0.206733	2.20398	0.557127	-0.318859	-0.353898	1.01264	-1.29996	
>
-1.04848	0.539047	0.98924	0.515353	1.53421	-0.408728	-0.930004	1.41574	-0.550894	-1.59345	-1.40389	0.728602	-1.07217	-0.811532	0.918157	0.562741	0.207326	0.847074	0.965546	-1.40389	
>
-1.15839	0.270594	-0.215867	-0.215867	1.18271	1.00029	-1.34081	1.76038	-0.276675	-0.185463	-0.884752	0.361806	-0.519906	0.453017	-1.85767	0.422613	0.331402	1.94281	0.361806	-1.43202	
>
-0.644068	-0.231611	1.60858	0.149119	-1.34207	-0.00951825	-1.24689	1.70377	0.656759	-0.897888	-0.485431	-0.104701	-1.15171	-1.15171	1.98931	0.942306	0.688487	0.529849	-0.0412457	-0.961343	
>
-1.29323	0.684498	1.22388	0.812922	0.992715	0.0680646	-1.31891	1.45504	-0.214468	-1.13912	-1.37028	0.273542	-1.3446	-0.599739	0.915661	0.838607	0.0166951	0.761552	0.838607	-1.60144	
>
-1.14048	-0.293267	-0.944971	-1.27082	0.879801	-0.553949	-0.944971	-0.293267	0.228097	2.11804	0.81463	-1.07531	0.68429	1.33599	-0.228097	-1.27082	-0.81463	1.46633	0.879801	0.423608	
>
-1.14477	0.706652	-0.735795	-0.870489	-0.0255918	-0.346408	-0.476204	-1.72518	0.549918	0.603795	0.753183	-0.43702	0.968693	1.48788	-0.990489	-1.16926	-0.657428	2.23481	1.08624	0.187469	
>
0.03114	-0.858575	-0.947547	-1.03652	1.54366	-1.03652	-1.03652	-0.146803	0.387026	1.27674	1.00983	-1.92623	1.00983	1.27674	-0.858575	-0.680632	-0.324746	1.00983	0.209083	1.0988	
>
-0.615624	2.19457	1.12287	1.45076	-0.543003	0.938015	1.14927	-0.468182	0.372455	-1.13277	-1.13277	0.880799	-0.754263	-1.18118	-0.853291	0.489088	0.381258	-1.09756	-0.252521	-0.947917	
>
-0.208443	1.94445	1.1796	0.849116	-0.836369	1.10878	0.948262	0.10788	0.622496	-1.31794	-1.31794	1.26931	-0.680568	-1.4218	-0.718338	0.155093	-0.0904119	-1.2424	0.570563	-0.921351	
>
-0.657858	-0.971124	0.908471	0.595205	-0.344592	0.281939	2.16153	-1.91092	1.22174	-0.657858	-0.0313266	-0.657858	-0.971124	0.281939	0.908471	-0.657858	-0.657858	-0.0313266	1.84827	-0.657858	
>
-0.521089	-0.521089	-1.20418	-0.696478	-0.548782	-1.28726	-0.687247	-1.19495	-0.179543	1.54665	1.10356	0.189697	0.00507704	1.25126	1.20511	-1.15803	-0.788788	1.57435	1.54665	0.365086	
>
0.51771	-0.278767	0.802166	-1.41659	-0.0227565	1.11507	-0.961462	-1.72949	-0.449441	1.48486	1.71243	0.204808	0.915949	0.375482	-1.58727	0.432373	-0.221876	-1.07524	-0.790788	0.97284	
>
1.48083	-0.781891	-1.03678	-1.65389	0.336054	-1.13069	-1.82382	1.6597	-0.343656	0.671438	0.582002	-0.330241	-0.406261	-0.044047	1.6597	0.103522	0.613305	-0.044047	-0.611963	1.10073	
>
-0.509729	0.335719	-0.626034	-1.29255	-0.84075	-0.317378	-1.11809	-0.344218	1.41378	-0.0131961	-0.0534555	0.201521	-0.201073	1.94162	-0.0892417	-0.702079	-0.948109	2.18765	1.68664	-0.711026	
>
-0.302905	-0.772352	0.716466	-0.378911	1.67324	-0.137481	-0.848358	-0.101714	0.224664	-1.40722	-1.20603	-1.68442	0.318553	0.305141	-0.186661	2.07563	1.53017	0.197838	0.957896	-0.973544	
>
0.800142	0.576901	-0.885914	-1.49689	-0.0751969	0.247915	0.206792	-2.01974	-0.49818	1.2055	1.2055	0.024674	1.55799	0.888264	-1.62026	-1.02691	-0.692047	1.01163	0.500529	0.0892963	
>
-0.619134	-0.915838	-0.915838	1.70943	0.0568995	0.319801	-0.694249	-0.915838	-0.915838	1.14606	0.319801	-0.882036	1.10851	-0.24356	0.657818	-0.915838	-0.915838	1.97233	1.5592	-0.915838	
>
-0.411022	-0.606014	-0.944684	-1.34493	0.173953	-0.934421	-1.25257	-0.688116	-0.657328	1.28233	1.25154	-0.688116	1.04629	1.96993	-0.503387	-0.564963	-0.28787	0.512623	1.71336	0.933395	
>
1.45136	0.184719	-1.04674	0.00879613	-0.97637	0.0439806	2.19024	-1.78561	0.677302	0.395826	0.993962	0.81804	0.712486	0.536564	-1.25785	-1.04674	-0.800447	0.149534	-1.18748	-0.0615729	
>
-0.208847	0.086607	-1.04326	0.383684	-0.963716	0.87719	-0.611444	-1.16014	1.77492	0.33823	0.190503	0.20836	-1.74456	-0.18125	1.65316	-0.895534	1.43888	1.38044	-0.442613	-1.0806	
>
-0.960187	0.236521	-0.790956	-2.00781	0.965828	0.0390844	-1.5525	-1.22209	-0.662017	1.34055	0.333225	-1.1818	0.256668	0.0954949	0.889271	0.260697	0.748245	0.345313	1.25594	1.61052	
>
0.391584	-0.302054	-0.538482	0.151679	-0.505452	0.558474	-0.0708415	0.0804029	-0.621927	-0.635835	-0.649742	0.158633	-0.23947	-1.02872	3.80762	0.826194	0.353338	-0.898339	-0.265547	-0.571512	
>
-1.00492	-0.641949	2.17105	1.01359	0.711115	-0.573388	-0.694378	1.71936	0.965192	-1.05735	-0.684295	-0.127745	-1.1501	0.711115	-1.64616	0.313866	-0.496762	0.580043	0.580043	-0.688328	
>
-0.193173	2.05694	0.21516	1.81423	-0.00185606	0.209449	-0.929886	-0.29597	0.229438	-2.36048	-0.56153	0.712013	-0.338802	-0.575807	-0.732858	0.400766	1.37734	-0.575807	0.634915	-1.08408	
>
-0.563965	0.392859	1.96184	-0.0131991	0.732264	1.26286	-0.567473	2.91779	0.113091	-0.587645	-0.817423	0.312174	-0.817423	-0.472755	-0.817423	-0.6771	-0.626233	-0.817423	-0.243854	-0.670961	
>
-0.811943	1.22297	0.540814	2.71563	-1.19118	-1.19118	-1.19118	-0.613076	0.20089	1.21141	-0.71251	-0.225748	-0.0557868	0.353509	-0.711353	0.0679269	0.811365	0.868019	-1.19118	-0.09741	
>
0.0845505	-1.3414	0.715305	0.99264	0.0526447	-0.506935	0.253897	3.54511	-0.946254	-0.583018	-0.374403	0.0894591	0.288257	-0.708187	-0.813722	0.563138	-0.116702	-0.327771	-0.00871275	-0.857899	
>
-0.555923	-0.197017	1.39133	1.44479	0.169526	0.0397088	-0.876647	1.37988	0.348979	-2.01827	-1.23174	0.219162	-1.22028	-0.407015	1.51733	1.02861	0.257343	-0.407015	0.432978	-1.31573	
>
-0.467716	1.59254	0.312877	1.50296	-0.160597	0.824742	0.159318	-1.54263	0.658386	0.0185551	0.556013	-0.0198347	0.863132	-1.08195	-0.26297	-2.06729	-0.915598	-0.0710212	-1.35068	1.45178	
>
0.464454	0.236734	-0.579263	-0.88289	0.867709	-0.123823	0.170316	-0.0906137	-0.470147	-1.41424	0.995802	0.711151	0.103897	-1.57554	1.5651	1.32789	1.78333	-1.18177	-1.65619	-0.251916	
>
-0.668245	-0.484517	0.518113	-0.0173229	-0.521262	-0.264043	-0.421524	-1.24568	-0.279791	1.54699	-1.0672	-0.668245	-0.463519	2.07718	0.418375	-0.715489	-1.11444	0.927563	2.36589	0.0771657	
>
-0.297936	1.19678	-1.15774	1.97117	0.865045	0.690126	-1.10139	-1.12204	-0.633495	-1.24928	-1.24928	-0.30329	0.848216	1.16287	-0.744667	0.865045	1.14961	0.148286	0.066181	-1.10419	
>
-0.654654	-0.654654	-0.654654	-0.654654	-0.654654	-0.654654	-0.654654	-0.654654	-0.654654	1.52753	1.52753	-0.654654	-0.654654	1.52753	-0.654654	-0.654654	-0.654654	1.52753	1.52753	1.52753	
>
-0.750703	2.65868	0.33256	1.59404	0.31261	0.193577	1.16778	-0.472074	0.467552	-1.16831	-1.13307	0.695642	-0.539237	-1.4117	0.436962	-0.0524674	-0.226029	-1.02667	-0.0504725	-1.02867	
>
1.78991	-0.803577	-1.17311	-1.08577	1.01724	-1.32093	-1.3478	0.412538	0.0765951	0.903016	0.950048	-1.99953	1.19193	0.40582	0.278161	-0.198878	-0.252629	0.466289	-0.319818	1.01052	
>
0.563998	0.508974	0.563998	0.45395	0.343901	0.178829	0.288877	0.729071	0.233853	-0.151317	-0.316389	1.00419	-0.261365	-1.4719	0.178829	0.949168	0.729071	-3.23267	-1.63697	0.343901	
>
-0.260695	-0.415563	-0.776922	-1.03504	1.33961	-1.13828	-0.983413	-0.828545	0.668515	1.13312	1.02987	-1.34477	0.978251	1.5461	-1.13828	-0.415563	-0.983413	1.49448	0.358778	0.77176	
>
1.02813	0.0358328	3.42617	-0.074422	0.256342	-0.928896	-0.65326	0.146088	0.0909602	0.0633965	-0.625696	0.256342	-1.59043	-0.101986	-1.03915	0.559543	0.724925	-0.322495	-0.570568	-0.680823	
>
0.150573	-1.36977	1.72939	-0.931212	-0.8435	-0.463413	0.121335	0.764559	-1.01892	-0.229514	-0.112564	-0.755787	0.033623	3.16203	0.033623	0.0920979	0.530659	-0.638838	0.267522	-0.521888	
>
0.500782	-0.491759	-1.00307	-1.69484	1.22263	-0.070681	-1.18353	1.5234	-0.762453	0.891784	0.200012	-0.642144	0.801553	1.9144	-0.702299	0.380474	0.982015	-1.12338	-1.12338	0.380474	
>
-0.197953	0.677208	1.05228	2.30251	-0.823069	0.468836	2.09414	0.177116	0.385488	-1.07311	-1.07311	1.09395	-0.906417	-1.03144	-0.364651	0.0104186	-0.364651	-0.906417	-0.73972	-0.781394	
>
1.17682	-2.57706	-0.818608	-1.0367	0.630742	-0.767091	-0.907904	1.2541	-0.919925	1.21289	1.23521	-0.791132	0.589528	0.713169	0.211736	-0.0252434	0.00566689	-0.166057	-0.205553	1.18541	
>
0.0230784	0.983825	1.10007	1.24367	0.241896	0.744493	1.05221	0.761589	0.823131	-1.5189	-1.43343	0.970149	-0.852193	-1.68302	-0.417976	0.669275	0.313696	-1.62489	-0.4761	-0.920573	
>
-0.833101	1.21176	0.696937	0.542971	-0.467431	0.254285	0.186924	-2.57965	0.836469	-0.809044	-0.4963	0.677691	-0.130631	0.624765	0.422685	-0.784986	-1.00631	1.75545	1.11553	-1.21802	
>
0.0509359	-1.99229	0.485049	1.36485	2.38936	-0.661009	-0.0416748	0.172487	0.641329	-0.597339	-0.568398	-1.81864	-0.238473	0.25931	1.2896	0.328768	-0.811501	0.490837	0.00463054	-0.747831	
>
-0.262608	-2.77066	-0.351127	-0.262608	0.475054	-0.91175	-0.174088	-0.675699	0.209496	2.18643	1.65531	-0.439647	1.1537	0.534067	-0.351127	-0.587179	-0.174088	0.150483	-0.174088	0.770119	
>
-0.246464	-3.16117	-0.503644	-0.160737	0.396486	0.482212	-1.06087	-0.417917	0.782256	1.12516	2.06816	0.0535792	0.439349	0.396486	-0.203601	0.267896	-0.160737	-0.717961	-0.246464	0.867982	
>
0.258625	-4.33464	0.103653	0.0757075	0.28149	0.220517	0.278949	0.299273	0.362786	0.395813	0.390732	0.228139	0.266247	0.0604644	0.278949	0.129058	0.121437	0.0325187	0.23576	0.314516	
>
0.28936	-4.32252	0.209845	0.1353	0.110451	0.276936	0.142754	0.291845	0.309239	0.450876	0.401179	0.239664	0.271967	0.137785	0.341542	0.165118	0.0781484	-0.130579	0.20736	0.393724	
>
-0.250526	0.201066	-0.616101	-1.70566	0.839029	-0.458402	-2.10707	-0.522915	0.839029	0.22257	0.10788	0.394605	0.0720397	0.846197	-0.458402	-0.616101	-0.379552	2.81026	0.839029	-0.0569866	
>
-0.438215	-0.438215	-1.16611	-0.625108	0.201156	-1.25464	-0.615272	-1.15628	-0.17263	1.76516	1.22415	0.319194	0.122464	1.45039	1.40121	-1.11693	-0.723473	-0.949712	1.66679	0.506087	
>
-0.856513	-0.240842	-0.56418	-0.816649	-0.422443	-0.203193	-0.398082	-2.65037	-0.371506	1.33598	1.33598	0.0758515	0.195442	0.98164	0.45677	-1.30609	0.0891393	1.39578	0.589648	1.37363	
>
-0.636447	1.7981	-0.478201	1.69042	-0.567156	-0.471179	1.69978	-0.636447	1.77937	-0.630361	-0.630361	1.68106	-0.569497	-0.620061	-0.562474	-0.558261	-0.558729	-0.538129	-0.56107	-0.630361	
>
-0.0153677	2.74502	-0.357517	-1.88849	-0.566286	-0.218338	-1.62753	-0.0327651	0.906696	-0.00376944	-0.026966	2.15351	-0.166145	-0.316923	0.158606	-0.20094	-0.212539	-0.0791583	-0.212539	-0.0385643	
>
-0.0273299	-0.992988	-0.847228	-1.32095	-1.32095	-0.19131	-1.24807	-0.810788	-0.337069	1.28451	1.37561	-1.19341	0.883668	1.59425	0.865448	-0.573929	-0.10021	1.28451	0.901888	0.774348	
>
-0.305505	0.83	-1.11658	1.04629	-2.14394	-0.305505	2.23586	0.992214	0.83	0.397427	-0.251433	0.18114	-0.629935	0.343355	0.992214	-1.6573	-0.684006	-0.46772	0.235212	-0.521791	
>
-0.0610161	0.787904	0.310386	0.310386	-3.08529	-0.485476	0.257329	1.37154	0.0981564	-0.591591	-1.01605	0.363444	0.681789	0.681789	1.68988	0.151214	-1.01605	-0.485476	0.681789	-0.644649	
>
0.271805	-0.925135	-0.42641	1.96747	-1.97246	-0.6259	0.57104	1.31913	2.16696	-0.22692	-0.177047	-0.127175	-0.0274299	-0.22692	0.271805	-0.177047	0.17206	0.321678	-0.276792	-1.87271	
>
-0.861531	-0.304507	0.958082	2.74056	-1.19575	0.363923	0.438193	0.586733	-0.0816969	-0.675856	0.103978	-1.19575	0.141113	-0.378777	1.2923	0.809542	0.549598	-1.12148	-0.675856	-1.49283	
>
-1.03452	-0.703181	1.21124	2.31571	-2.13899	0.364476	-0.0404973	0.106766	-0.445471	-0.629549	-0.592734	-0.408655	0.106766	0.0331342	0.622186	1.10079	1.68984	-0.0404973	-0.482286	-1.03452	
>
0.206462	0.0850138	-0.716545	0.303621	-1.83387	0.716545	3.12122	-1.12947	-0.449359	0.109303	-0.425069	0.157883	-0.279331	-0.279331	1.59097	-0.497938	-0.595097	0.595097	-0.0607242	-0.619386	
>
0.939319	-0.174698	-0.883618	1.57228	-1.2634	1.47101	2.66098	-0.934255	0.863363	-0.959574	-0.275972	-0.554477	0.20508	-0.0481053	-0.200017	-0.832981	-0.250654	0.20508	-0.731707	-0.807662	
>
0.914031	0.692179	-1.03827	-0.261786	-1.10482	0.914031	1.51303	-1.01608	-0.794231	0.359401	1.1137	-0.439267	1.46866	0.181919	-1.92568	-0.905157	-0.594564	1.46866	-0.816416	0.27066	
>
1.03896	0.715547	-0.881296	-0.861082	-0.901509	0.7964	0.614481	-1.3462	-0.295113	0.877253	0.654908	0.472989	2.21132	0.715547	-2.03345	-1.20471	-0.78023	0.129364	-0.21426	0.29107	
>
1.73822	1.59064	-0.517565	-0.15917	-0.897043	-0.0115952	1.59064	-1.38193	-1.08678	0.24139	1.04251	0.557621	1.40091	-0.0326773	-1.74033	-0.644058	-0.580812	-0.622976	-0.138088	-0.348909	
>
1.32578	1.25171	-0.994953	0.140725	-1.78499	1.05421	1.91831	-1.68623	-0.377736	0.659187	0.683876	0.288857	0.387612	0.387612	-1.34059	-0.797443	-0.624623	-0.748066	0.140725	0.116037	
>
1.02364	0.843656	-0.821158	-0.213726	-1.49608	1.09113	1.15862	-1.67606	-0.168731	0.0112487	0.821158	0.303716	1.81105	-0.393706	-1.87854	-0.798661	-0.551188	1.09113	0.0562437	-0.213726	
>
1.34828	0.403133	-0.638455	-0.677032	-0.773476	-0.291259	0.248824	-1.37142	-0.522723	0.229535	1.4833	0.364556	2.27413	0.615309	-1.85364	-0.734898	-1.10138	1.03966	0.133092	-0.175527	
>
0.607684	0.726837	-0.762584	-0.842019	-1.15976	0.68712	0.806273	-1.63638	-0.00794358	1.10416	1.20345	1.36232	1.46162	0.389235	-1.89454	-1.19948	-0.901596	-0.0476615	-0.00794358	0.11121	
>
1.68211	1.28765	-0.515622	-0.121157	-1.21063	0.498716	1.70089	-1.21063	-0.158725	-0.139941	1.26886	1.23129	0.70534	-0.571974	-1.77415	-0.496838	-0.891302	0.0478993	-0.45927	-0.872518	
>
0.449865	1.08728	0.793086	-0.702377	-1.38882	1.03824	0.645991	-0.653346	1.33243	-0.972051	0.866633	1.08728	0.842117	0.47438	-2.22236	0.0330963	-0.457219	-1.0456	0.131159	-1.33979	
>
-0.377819	0.300062	0.858318	-0.337944	-1.03576	-0.0189408	-0.0787539	3.54991	1.3767	-0.63701	-0.597134	0.459564	-0.437633	0.160499	-0.597134	-0.63701	-0.278131	-0.756636	-0.0588162	-0.856324	
>
-0.474476	-0.310863	-1.07439	0.725348	-1.89245	0.0163612	0.289048	0.343586	2.08878	0.67081	0.779885	1.3798	0.507198	0.179974	-0.0381762	-1.6743	-0.965313	0.234511	0.725348	-1.51069	
>
0.315082	0.923937	0.132426	0.558624	-2.21167	0.28464	0.984823	-0.0502305	-0.324215	-0.0502305	-0.354658	0.436853	-0.0806733	-0.445986	3.11581	-0.689528	-0.5982	-0.232887	-1.05484	-0.659085	
>
-0.817286	0.357775	-0.0751421	1.40915	-1.00282	-0.322524	0.667002	0.29593	0.481466	0.234085	-0.415292	0.388698	-0.538982	-0.0751421	2.24406	-1.00282	-2.74686	0.852538	-0.384369	0.450543	
>
1.02437	0.952231	0.0144277	-0.201988	-0.274127	0.591538	0.158705	-0.490543	-0.274127	0.0144277	0.735815	0.735815	0.591538	0.0865665	-3.9532	0.158705	-0.201988	0.302983	0.0865665	-0.057711	
>
-0.805956	-0.687142	0.118154	0.0125415	-0.0930711	-0.225087	-0.145877	0.210565	0.131356	-0.0930711	-0.607932	-0.647537	-0.449513	-0.330699	4.17104	-0.25149	0.0653478	-0.383506	-0.0138616	0.0257431	
>
-0.104474	0.272574	0.900987	1.21519	-1.32988	0.728174	1.62366	0.633912	-0.638625	-0.999962	-0.87428	1.74934	-0.607204	-1.18849	0.916698	0.869567	0.0997606	-1.3613	-0.968542	-0.937121	
>
0.240988	0.166378	1.21091	1.09153	-1.53471	0.643877	1.15122	1.24075	-0.296198	-0.863228	-0.967681	1.01692	-0.445417	-0.773697	0.643877	1.22583	0.375284	-1.68393	-1.48995	-0.952759	
>
-0.0629462	0.812827	0.703355	0.703355	-1.56818	1.22335	1.52439	0.593883	-0.801879	-0.5282	-0.391361	0.89493	-0.911351	-1.70502	1.46966	0.785459	0.0465254	-1.59555	-0.418729	-0.774512	
>
-0.834183	0.532396	0.0768701	1.38651	-0.720301	1.1018	1.61427	-0.777242	-1.17583	-1.23277	-0.834183	2.0698	0.475456	-1.34665	0.646278	0.760159	-0.150893	-0.0939523	-0.549479	-0.948064	
>
-0.941615	-0.713344	0.436567	0.333845	0.353819	-0.453687	-1.67208	1.16703	0.139816	-0.533582	-0.739025	-0.393766	-0.881694	-0.134109	3.40123	0.499341	0.373792	-0.179763	0.0713344	-0.134109	
>
-1.31643	-0.79174	0.523911	-0.0908426	0.594392	-0.725174	-1.09716	1.58896	0.308551	-0.310118	-0.842643	-0.670355	-0.858306	0.05012	3.22961	0.0540357	0.382948	-0.176986	0.210661	-0.0634332	
>
0.691238	0.236102	1.20327	1.50523	-0.827341	0.559949	0.71312	0.796269	-0.0702398	-1.48379	-0.582268	0.454917	-0.481613	-1.0374	2.14417	0.284241	-0.604149	-0.731062	-1.12493	-1.64571	
>
0.247273	-0.178379	0.109046	0.378919	-0.641331	-0.0050464	0.212168	1.18415	-0.310024	-0.797111	-0.217873	-0.0533163	-0.299054	-0.615002	3.8346	-0.178379	-0.650107	-0.426311	-0.669854	-0.924368	
>
-0.0195377	-0.285251	0.308696	0.746341	-0.425922	-0.128949	0.0117226	1.01205	-0.25399	-0.613484	-0.128949	-0.113319	-0.457183	-0.535334	3.88801	-0.332141	-0.660375	-0.488443	-0.676005	-0.847937	
>
-0.150714	-0.363339	-0.463399	-1.4765	0.362089	-0.663517	-2.46458	0.0494042	-0.150714	0.399611	0.762325	-0.538443	0.349581	1.47525	-0.500921	-0.100684	-0.113192	2.37578	1.23761	-0.0256401	
>
0.574699	-0.169516	0.326628	0.078556	-0.417587	0.161247	0.078556	3.46887	-0.334897	-1.1618	-0.500278	0.078556	-0.334897	-1.07911	1.56699	0.243937	-0.500278	-0.500278	-0.665659	-0.91373	
>
-0.952602	1.26705	1.26705	1.08208	-0.767631	1.08208	1.08208	0.527168	1.08208	-0.767631	-1.13757	1.08208	-0.952602	-1.13757	1.26705	-0.582659	-1.13757	-0.582659	-0.767631	-0.952602	
>
0.693564	0.427347	-0.105085	-0.0630512	-0.0630512	0.469382	0.091074	-0.65153	0.14712	0.525427	0.637518	0.371302	0.55345	0.175142	-4.15438	0.091074	0.105085	0.161131	0.35729	0.231188	
>
-0.0740661	0.0887165	1.0003	1.32586	-0.464744	0.772403	0.935186	0.674734	-0.660083	-0.839144	-0.985648	1.32586	-0.887979	-0.904257	1.3747	1.11425	0.235221	-1.29494	-2.07629	-0.660083	
>
-0.391449	-0.289205	0.543355	1.12761	-2.17342	1.30288	2.44217	0.397292	-0.698182	-0.595937	-0.0993229	1.44895	-0.493693	-0.479087	0.105165	0.426504	-0.113929	-0.815032	-0.873457	-0.771213	
>
1.59086	-0.165417	-0.247104	0.528925	-1.79916	-0.900602	0.773987	1.79508	-1.14566	0.814831	0.978205	0.447238	-1.10482	-0.696384	-0.328791	-0.410479	0.283863	-1.51326	-0.20626	1.30495	
>
1.73767	-0.573719	0.0454022	0.416875	-1.64686	-0.862643	0.416875	1.82022	-1.19284	0.416875	1.11855	0.623249	-1.06902	-0.656269	-0.326071	0.210501	0.293051	-1.56431	-0.532445	1.32492	
>
2.85142	0.156671	-0.564017	0.21934	-1.53538	-0.407345	1.1907	-0.282008	-0.940028	0.65802	1.2847	0.846025	-0.532682	-5.56608e-16	-1.34737	-0.344677	-0.188006	-1.1907	-0.156671	0.282008	
>
2.76108	-0.36343	-0.42921	-0.133203	-1.38301	-0.0674237	0.919265	-0.133203	-0.560768	0.4917	1.84017	0.820596	-0.659437	-0.166093	-1.21856	-0.39632	-0.133203	-1.31723	-0.560768	0.689038	
>
-0.0874432	-0.448779	-0.983555	-0.795661	-1.07028	-1.157	-0.867928	-1.50388	0.216079	0.98211	0.953203	0.0137308	0.216079	1.82041	0.664135	-1.12809	-0.506592	1.99385	0.98211	0.707495	
>
-0.912659	-0.274436	1.05307	-0.478667	0.2872	-0.836072	-0.248907	-1.06583	0.848837	0.593547	0.976481	-0.376552	-0.376552	0.721192	-2.39334	-0.555254	-0.810543	1.89552	1.58918	0.363787	
>
0.734926	-1.92355	-0.923875	-0.967817	1.37208	-1.42921	-1.34132	-0.0230694	-0.704166	1.27321	1.14139	-0.16588	0.954634	1.10843	-0.770079	-0.275734	0.0208723	0.745911	-0.0230694	1.19631	
>
0.605725	-1.38948	-0.775573	-0.714182	1.48566	-1.22577	-1.09276	-0.0491128	-0.47885	1.16848	1.13778	-2.01363	0.830825	1.18894	-0.724414	-0.182127	0.0532056	0.789898	0.196451	1.18894	
>
0.366516	-1.27215	-0.889797	-0.594837	1.76485	-1.21753	-1.06459	-0.278028	-0.463743	1.05476	1.04383	-1.69821	0.759796	1.31694	-0.966269	-0.420046	0.0278574	1.03291	0.311893	1.18585	
>
0.20155	-1.2205	-0.974158	-0.48148	1.88113	-1.2205	-0.985355	-0.4031	-0.436692	1.03014	1.00775	-1.54522	0.761411	1.32127	-1.07493	-0.537466	0.0671833	1.16451	0.335917	1.10852	
>
0.0121326	-1.23752	-1.20113	-0.279049	2.07467	-1.33458	-0.970607	-0.618762	-0.655159	0.958474	0.970607	-0.388243	0.812883	1.31032	-1.31032	-0.715822	0.133458	1.12833	0.242652	1.06767	
>
-0.238516	-0.970594	-1.20675	0.233793	2.34737	-1.08867	-0.392016	-0.852517	-0.88794	0.682486	0.670678	-0.746248	0.682486	1.08395	-1.51375	-0.781671	0.635255	1.23745	0.0212539	1.08395	
>
-0.445202	-0.773422	-1.24471	1.65878	2.34047	-0.739759	0.556292	-0.98382	-1.01748	-0.192724	-0.125397	0.53946	0.0934166	0.58154	-1.53927	-0.865997	1.036	1.07808	-0.487281	0.531044	
>
-0.40045	-0.0452121	-0.0129178	4.31453	-0.303567	-0.0775065	-0.109801	-0.17439	-0.0775065	-0.368156	-0.432745	-0.0775065	-0.368156	-0.432745	-0.0129178	-0.238978	-0.303567	-0.238978	-0.238978	-0.40045	
>
-0.298313	-1.01982	0.506439	0.561939	1.39444	-0.242813	-1.10307	3.2537	-0.492564	-0.908815	-1.24182	-0.686815	-0.437064	-0.215063	-0.187313	0.228938	0.89494	0.395439	-0.0485627	-0.353814	
>
-0.406095	0.164298	1.04469	1.13149	-1.03849	1.81348	0.87109	0.685092	1.40428	-1.21209	-0.0712992	0.102299	-1.13769	-1.08809	-0.257297	1.54068	-1.12529	-0.430895	-0.86489	-1.12529	
>
1.75892	-0.390872	-0.195436	-0.048859	-1.02604	-0.48859	0.048859	1.36805	-1.41691	-0.195436	1.85664	0.635167	-1.22148	-0.635167	-0.048859	1.12376	0.48859	-1.75892	-0.684026	0.830603	
>
1.26631	-0.0024399	-0.295228	0.0951562	-1.36879	-0.441622	0.583137	0.924723	-1.41758	0.0463582	2.14467	0.387945	-1.41758	-0.49042	0.192752	1.07112	0.534339	-1.75917	-0.880805	0.827127	
>
1.33048	-0.166845	-0.551872	-0.509091	-1.27915	-0.808557	-0.166845	0.859894	-1.27915	0.731551	2.57112	-0.252407	-0.936899	0.260963	-0.124064	0.988236	0.260963	-1.36471	-0.722995	1.15936	
>
1.4087	-0.0485758	-0.485758	0.242879	-1.50585	-0.291455	1.02009	1.02009	-1.4087	0.0971515	1.74873	0.825788	-1.26297	-0.534333	0.145727	0.777212	0.145727	-1.84588	-0.922939	0.874364	
>
1.33909	1.50092	-0.521882	-0.117322	-1.37146	-0.117322	0.610886	0.529974	-1.16918	-0.521882	0.97499	1.17727	-1.08827	-0.926442	0.77271	1.54137	0.0445016	-1.73556	-1.04781	0.125414	
>
-0.134277	0.88263	-0.281361	0.519992	-1.1943	-0.540026	2.93166	0.834448	-0.826586	-0.430981	0.0153424	2.0238	-0.834194	-0.679502	0.1041	-0.184996	-0.296577	-1.09793	-0.570457	-0.240787	
>
0.559931	0.591575	0.158059	1.12951	-1.48424	0.0757862	2.50917	0.933325	-0.696315	-0.72163	-0.180526	1.6453	-0.990599	-0.974778	-0.0666095	0.12958	0.113758	-1.41146	-0.86719	-0.45266	
>
0.732381	-0.147682	1.24173	1.11816	-1.38037	0.126584	0.259197	1.32612	-1.05788	-0.976508	-0.681145	1.4075	-1.32612	-1.15132	0.180835	1.3864	1.1905	-1.15132	-0.524421	-0.572644	
>
0.0709701	0.741961	0.341947	0.938741	-1.28714	0.322592	1.82587	0.261299	-0.880675	-0.851642	-0.154844	2.4775	-1.01616	-1.071	0.225814	0.641957	0.0516146	-1.43231	-0.91616	-0.290332	
>
1.37352	-0.362726	-0.745432	-0.421821	-1.09156	-0.939599	-0.275492	0.529316	-0.877691	1.4298	2.31059	-0.452775	-0.720106	0.0762598	-0.3374	-0.25298	-0.00534663	-1.09437	-0.261422	2.11923	
>
1.77938	-0.517363	-0.63934	-0.484637	-1.0499	-0.802968	-0.442986	0.738112	-0.832719	1.41048	2.31787	-0.731567	-0.564964	-0.00862767	-0.469762	-0.0205279	0.163926	-1.10642	-0.431086	1.69311	
>
1.78245	-0.701928	-0.0574288	-0.19425	-1.33202	-0.84955	-0.871153	1.39359	-1.08359	0.983131	1.67804	-1.07999	-0.917961	0.147803	-0.647919	0.371037	0.223414	-0.863952	0.414243	1.60603	
>
0.904008	-0.610067	-0.682166	-0.610067	-0.646116	-0.593429	-0.646116	0.171928	-0.837455	1.09535	3.17789	-0.862413	-0.646116	0.643343	-0.471415	0.277303	0	-0.829136	-0.288395	1.45307	
>
0.871831	0.332065	-0.707349	0.0512413	-1.55347	-1.0137	1.75077	0.92289	-1.15959	0.715008	1.62313	1.02501	-1.05747	-0.397348	-0.167583	-0.298877	-0.200406	-1.49512	-0.561466	1.32042	
>
1.71313	-0.041876	-0.39961	0.307441	-1.70429	-0.576373	1.166	1.13233	-1.06458	0.656758	1.68367	0.425283	-1.03511	-0.593208	-0.403819	0.06334	0.193808	-1.70429	-0.858352	1.03974	
>
1.64656	-0.556613	0.762702	0.594554	-1.76814	-0.479006	-0.410022	1.77159	-1.39304	0.0211263	0.663538	0.193586	-1.45771	-0.642843	-0.310858	1.1378	0.913604	-1.31112	-0.0651035	0.689407	
>
0.768613	0.0798166	-0.278544	0.2334	-1.49325	-0.222695	0.88031	0.335788	-1.33501	0.219438	2.39752	1.20609	-1.28381	-0.306468	-0.204079	0.708111	0.0379304	-1.74922	-0.925454	0.931504	
>
-0.573937	0.699745	-0.573937	-0.573937	-0.573937	0.075901	0.0862984	-0.573937	0.179875	-0.573937	-0.573937	1.33399	-0.573937	-0.573937	-0.573937	-0.573937	-0.573937	3.02876	2.05661	-0.573937	
>
-1.36053	1.17875	-0.528347	-0.729478	-1.02866	0.0876178	-0.116028	-2.00163	0.354117	0.492394	0.494908	0.545191	0.56279	1.19133	-0.54846	-1.23733	-0.598742	2.08636	1.28686	-0.131112	
>
-1.37828	1.21872	-0.511784	-0.696571	-1.04617	0.105004	-0.0747887	-2.00506	0.369698	0.467086	0.469583	0.551988	0.544497	1.16628	-0.556733	-1.24344	-0.591692	2.07273	1.29363	-0.154697	
>
-0.298353	1.19596	-1.15771	1.97117	0.864458	0.691056	-1.10161	-1.12201	-0.632406	-1.24951	-1.24951	-0.303453	0.849157	1.16281	-0.744607	0.864458	1.15006	0.147901	0.0663006	-1.10416	
>
0.209455	-0.290162	-0.812839	-1.2894	1.17026	-0.766721	-1.05112	-0.443891	-0.27479	1.96965	1.08571	-1.35858	0.647581	0.855115	-1.32014	-0.843585	-0.505382	0.90892	0.609149	1.50077	
>
-0.399624	-0.934023	-0.288047	-0.55231	-0.147106	-0.252812	-0.493585	-0.311537	-1.7503	1.60877	1.62052	-1.38621	-0.311537	2.38395	-0.0179112	-0.798955	-0.0531462	0.909946	0.675045	0.49887	
>
0.487623	0.0710606	-0.703867	-1.18475	-0.0912761	-0.832512	-0.452705	-0.667112	-0.541531	1.0267	1.69749	-1.16637	-1.27051	2.48467	-0.351627	-0.740623	0.239523	1.49534	0.110879	0.389608	
>
-1.03423	-1.58067	-0.211245	-0.25456	2.61091	-0.501124	-0.0946271	-1.10421	1.90121	0.51845	-0.211245	-1.27413	0.931611	-0.94094	0.551769	0.0419825	0.281882	0.38184	0.301874	-0.314535	
>
-1.40976	0.201161	0.695886	-0.649275	1.60356	-0.387603	0.0785018	-0.886416	-1.67961	2.51533	-0.00735954	0.184806	-0.199525	0.597759	-0.51435	0.336086	-0.375337	1.0148	-1.50789	0.389238	
>
-0.359078	2.05489	0.908255	1.36087	-1.05309	0.878081	1.66262	-0.660824	0.274589	-1.29449	-1.02292	0.606509	-0.721173	-1.29449	-0.630649	0.304763	0.455636	-0.600474	0.304763	-1.17379	
>
-0.141688	-0.891111	-0.891111	-0.680336	0.0222485	-0.727175	-0.399302	-0.774014	-1.33608	1.404	1.61477	-1.33608	0.86535	1.61477	-0.141688	-0.774014	-0.563238	1.82555	0.584316	0.724833	
>
0.561111	-1.54157	-0.998944	-1.03286	1.03591	-1.05999	-0.897202	-0.0289967	-0.897202	1.7142	1.4768	-1.20582	0.832425	1.13765	-0.456316	0.0184833	-0.0493452	0.032049	-0.252831	1.61245	
>
0.0157661	-0.544	-0.939128	-1.43471	0.785374	-0.565207	-1.0167	-1.00554	-0.440195	1.58177	1.62586	-0.802954	0.228399	1.52819	-0.735983	-0.98824	-0.417871	0.571625	1.02089	1.53266	
>
-0.344582	-0.531463	-0.970128	-1.06077	1.23831	-0.681415	-0.916974	-1.08147	-0.262892	1.37707	1.3849	-0.781569	0.150596	1.59864	-1.0272	-0.9097	-0.618189	1.54996	0.98988	0.896999	
>
-0.0530904	-1.08112	-0.772647	-0.985519	1.03804	-0.858688	-1.42273	-0.857413	-0.164625	1.68557	1.48672	-1.11617	0.36118	1.18654	-0.477559	-0.98998	-0.0836827	0.677938	0.895271	1.53197	
>
-0.526469	-0.285465	-0.173274	-0.218981	1.57193	-0.588798	-0.817337	1.08992	0.524807	-0.0361506	0.287958	-0.750853	0.857227	0.711793	-2.27167	-1.02094	-0.96277	2.05809	1.05252	-0.501538	
>
-0.752257	1.65854	0.810294	1.65854	-0.261169	1.16745	0.676361	0.0513409	-0.082592	-1.24334	-1.24334	1.43531	-1.15406	-1.82372	0.587073	0.229918	0.0959853	-0.662968	-0.395102	-0.752257	
>
-0.662392	1.42703	0.982475	1.82714	-0.662392	0.137813	1.33812	0.360092	0.271181	-1.28477	-1.59597	1.07139	-0.840216	-0.973583	0.671284	0.715739	-0.351201	-1.24032	-0.128922	-1.0625	
>
-0.280292	1.3201	-0.459106	-0.709446	-1.94327	0.461788	0.497551	-1.43364	0.166744	-0.655802	0.801536	-0.459106	0.327677	1.10552	2.71485	-0.432284	0.193567	-0.897201	0.0415744	-0.360758	
>
-0.198223	1.12327	-0.0788631	-0.897334	-0.215275	0.807814	0.483836	-1.29804	-0.411367	-0.590407	0.961277	-0.436944	-0.633036	1.06359	3.10976	-0.556304	0.219538	-1.00817	-0.812077	-0.633036	
>
-0.499417	1.06865	-0.783086	-1.13767	-2.48826	-0.67277	1.08441	-0.861884	0.848015	-0.12119	-0.010874	-0.3891	0.595864	0.855895	2.08513	-0.357582	0.130961	-0.239386	1.22624	-0.333942	
>
0.350084	0.513195	-0.94272	-0.084878	-2.92421	0.766923	0.0480271	-1.45622	0.301755	-0.797732	1.2623	-0.0305077	0.0842739	-0.0184255	2.10201	-0.000302057	0.0480271	-0.145289	0.821293	0.102397	
>
0.262879	0.564619	-1.12238	-0.784066	0.0342886	-0.669771	-1.24125	0.0662913	-0.157728	0.829785	0.8435	-2.42078	1.65271	1.64814	1.06752	0.409178	-0.848072	0.0434323	-0.784066	0.605766	
>
-0.0426323	0.992202	-0.895278	-0.5892	-2.56413	0.0229558	0.416484	-1.53658	0.423772	-0.334135	0.802726	0.0521061	0.707987	0.912039	2.31854	-0.61835	-0.0572074	-0.414298	0.686124	-0.283122	
>
-0.785257	1.13662	1.06327	-0.543188	0.263708	1.47405	0.850542	-0.601871	-0.0517147	-1.33541	-0.0370439	-0.403815	-1.59215	0.432423	2.27361	-0.0957273	0.813865	-1.15936	-0.975978	-0.726574	
>
0.609965	1.4938	-0.382093	-0.430192	-1.9754	0.802365	1.2533	-1.75895	0.128968	-0.47228	1.71626	0.104918	1.08495	0.59794	-1.14568	-0.628604	-0.953278	-0.0574191	0.507753	-0.49633	
>
-0.782469	0.161723	-0.235322	-0.477423	-0.525843	-0.177218	-0.506475	-0.128798	0.219827	-0.283742	-0.579105	-0.540369	-0.612999	0.708871	3.92881	-0.00774722	0.892867	-0.738891	-0.288584	-0.0271153	
>
-0.62236	-0.266149	-0.844151	-0.91136	0.526922	-0.635802	-0.817267	-1.30118	-0.400568	0.9369	1.07804	-0.662685	0.352178	1.86439	-0.682848	-0.971849	-0.62236	2.25421	1.27967	0.446271	
>
-1.07616	0.079063	-0.22408	-0.633733	-0.723856	-0.600961	-0.478065	-1.9692	-0.0356398	1.2179	1.32441	-0.494451	0.66077	1.42272	-0.535416	-1.05158	-0.535416	2.07817	1.11139	0.464137	
>
-0.0405132	-0.819003	-0.96199	-0.866665	1.42114	-0.819003	-1.00965	-1.05732	-0.374152	1.05573	1.13516	-1.2003	0.3249	1.62768	-0.596577	-0.866665	-0.533027	1.723	0.928627	0.928627	
>
-0.138335	-0.527054	-0.537107	-0.743196	2.18979	-0.64811	-0.959337	-0.393013	0.480349	0.947399	0.848963	-1.10176	-0.12535	1.28376	-1.96213	-0.890222	-0.501503	1.39895	0.839329	0.538574	
>
-1.388	1.16227	-0.459271	-0.717526	-0.814372	0.0845536	-0.129003	-2.04108	0.330392	0.469453	0.462003	0.596097	0.538983	1.17965	-0.568533	-1.28618	-0.645513	1.26905	2.12824	-0.171218	
>
-1.46598	1.13921	-0.300368	-0.377577	-0.895626	0.150433	0.105602	-2.06372	0.319795	0.304851	0.324776	0.302361	0.387042	1.20645	-0.67147	-1.20446	-0.606714	1.48042	2.16285	-0.297878	
>
0.332053	1.57971	0.244497	1.26889	-1.08196	-1.18703	0.515918	1.51405	-0.0663229	-0.32461	0.235742	0.459007	-0.114478	-0.574142	-0.788652	1.49653	-0.565387	-1.46283	-2.05382	0.572829	
>
1.14761	-2.61454	-0.851352	-0.851352	0.604301	-0.800096	-0.943611	1.22962	-0.953863	1.18861	1.20911	-0.820599	0.563297	0.686309	0.553046	-0.0517679	-0.0210147	-0.195283	-0.236287	1.15786	
>
0.603265	-1.57322	-0.98967	-0.753096	0.682123	-1.22624	-0.453435	0.540179	-0.532293	2.0858	0.74521	-1.33665	1.23413	1.1395	-0.232632	-0.21686	-0.169545	-0.279947	-0.831954	1.56534	
>
-0.269916	1.86942	0.809749	0.809749	-1.04967	1.09966	1.16964	-0.15995	0.279913	-0.769761	-1.09966	1.69947	-0.729774	-1.42956	-0.749768	0.41987	0.629805	-1.56951	-0.559826	-0.399876	
>
0.26334	0.409062	0.762958	1.01277	-1.58941	1.11685	0.950314	0.804593	-0.69426	-1.27715	-1.13143	1.34585	-0.631808	-0.77753	1.11685	0.409062	0.950314	-1.88085	-0.361182	-0.798347	
>
-0.633986	1.7677	0.559399	0.693655	-1.46936	0.872663	0.842828	-0.663821	0.022376	-1.15609	-0.962167	2.49865	-0.738407	-0.842828	0.33564	-0.022376	0.141715	-0.574317	0.425144	-1.09642	
>
-0.690242	2.73456	0.637436	0.471477	-0.629893	1.22584	0.214993	-0.614805	0.275342	-1.48987	-0.946725	1.48232	-0.750591	-1.11268	0.260255	-0.0264027	-0.0113154	-0.20745	0.441302	-1.26356	
>
0.642509	-3.24599	-0.38885	-1.12753	0.705226	-0.333101	-0.946341	0.579791	-0.514286	0.774913	0.802787	-1.24599	0.823693	0.865505	0.3777	0.238327	0.280139	0.510104	0.461324	0.74007	
>
0.243843	-1.34434	-0.919223	-0.502123	0.580731	-0.863075	-0.389828	-0.0930452	-1.92187	1.35878	1.35076	-1.72134	0.85345	1.30263	0.596773	-0.606398	-0.301595	1.07804	0.316033	0.981788	
>
0.272125	-1.60083	-0.883267	-1.51569	0.466717	-0.837659	-1.47008	-0.0775329	-1.09914	1.26637	1.26637	-0.740363	0.643067	1.43968	0.560973	-0.509285	-0.232599	1.06874	1.07482	0.907591	
>
0.203033	-0.68833	-0.490249	-1.38161	1.88672	-1.08449	-1.28257	-0.0940882	0.401113	1.39152	0.500153	-1.57969	0.500153	0.995354	-0.98545	-0.68833	-0.391209	1.5896	0.500153	0.698234	
>
0.165384	-0.291598	-0.913965	-1.48628	1.90192	-0.850858	-1.41882	0.0587549	-0.145799	1.58856	0.846505	-1.54068	0.598429	0.750757	-1.00318	-0.600605	-0.161032	0.781222	0.389523	1.33178	
>
-0.42326	-0.597105	-0.936613	-1.33952	0.165766	-0.925364	-1.24544	-0.699366	-0.644145	1.26508	1.24258	-0.68505	1.04317	1.98193	-0.514273	-0.57563	-0.295433	0.525726	1.73752	0.919433	
>
-0.242101	0.172722	-0.479836	-1.38711	1.09212	-1.29493	-0.945602	-0.319729	-0.159622	1.33471	1.6428	-1.37255	1.14549	1.21827	-1.09358	-0.474984	-0.977138	0.0417249	0.80102	1.29832	
>
-0.33293	0.0735195	-0.572018	-1.57619	0.970099	-1.01433	-0.894787	-0.500292	-0.237295	1.29287	1.79495	-1.22951	1.28091	1.28091	-0.763288	-0.679607	-0.870878	-0.177523	0.802738	1.35264	
>
-0.124835	-0.206337	-1.36367	-1.59188	0.24736	-0.18732	-0.71437	-0.651884	0.896664	1.44273	1.40741	-1.55385	0.980883	1.4862	-1.10015	-0.741537	-0.445411	0.212042	0.853196	1.15475	
>
-0.136328	-0.457994	-1.35334	-1.46985	0.588054	-0.135062	-0.542843	-0.70241	0.862863	1.41881	1.28584	-1.47492	0.980638	1.472	-1.34068	-0.7518	-0.577036	0.262588	0.998368	1.07309	
>
-0.1605	-0.0501906	-1.00988	-1.53936	0.699911	-0.803969	-0.818677	-0.45098	0.343245	1.45369	1.54929	-1.45479	1.18895	1.39486	-1.13857	-0.634828	-0.678952	0.00496391	0.843312	1.26249	
>
0.218817	0.211761	1.08668	1.55236	-0.811325	0.661567	0.68979	0.575134	-0.313894	-1.41989	-1.55395	1.33539	-1.28053	-1.42694	1.07962	0.696846	0.686262	0.116508	-0.857188	-1.24702	
>
0.288117	0.723369	0.903146	0.988304	-0.601309	0.836912	1.00723	0.666597	0.307041	-1.48127	-1.85975	1.2627	-0.979788	-1.79352	0.751755	0.827451	0.543591	-0.904093	-0.525613	-0.960864	
>
0.304642	0.710832	0.884913	1.00097	-0.623791	0.826886	1.00097	0.652805	0.304642	-1.4942	-1.84236	1.2911	-0.971954	-1.78433	0.768859	0.826886	0.536751	-0.913927	-0.507737	-0.971954	
>
0.104436	0.637729	0.815493	0.993257	-1.36212	0.815493	1.2599	0.637729	0.0599954	-1.22879	-1.451	1.65987	-1.09547	-1.27324	1.12658	0.68217	0.282201	-0.828825	-0.784384	-1.05103	
>
0.0924109	0.554465	0.806495	1.05852	-1.33576	0.8485	1.22654	0.638475	0.0924109	-1.16774	-1.29375	1.64659	-0.999718	-1.33576	1.05852	0.76449	0.386445	-1.12573	-0.957713	-0.957713	
>
0.145575	0.63905	0.737746	1.18187	-1.33485	0.984483	1.28057	0.145575	0.145575	-1.13746	-1.33485	1.7247	-0.989418	-1.3842	0.787093	0.787093	0.491008	-1.08811	-0.890723	-0.890723	
>
-0.622762	2.29185	0.719217	1.64183	-0.706636	0.572438	1.43214	-0.496951	0.341785	-0.937288	-0.874383	1.55795	-1.00019	-1.0631	-0.24533	-0.413078	-0.538888	-0.685667	-0.140488	-0.832446	
>
0.238244	1.05649	0.650894	0.791971	-1.81795	0.848402	1.1235	0.312309	-0.121503	-1.38414	-1.33829	1.68076	-0.978545	-1.32771	0.576828	0.925994	0.587409	-0.85863	-0.0439102	-0.922114	
